    1  1  2
    2  1  3
    3  1  4
    4  1  5
    5  2  6
    6  2  7
    7  2  8
    8  8  9
    9  8  10
    10  8  11
    11  9  12
    12  9  13
    13  9  14
    14  14  15
    15  14  16
    16  14  17
    17  15  18
    18  15  19
    19  15  20
    20  20  21
    21  20  22
    22  20  23
    23  21  24
    24  21  25
    25  21  26
    26  26  27
    27  26  28
    28  26  29
    29  27  30
    30  27  31
    31  27  32
    32  32  33
    33  32  34
    34  32  35
    35  33  36
    36  33  37
    37  33  38
    38  38  39
    39  38  40
    40  38  41
    41  39  42
    42  39  43
    43  39  44
    44  40  45
    45  44  65
    46  44  66
    47  44  67
    48  45  46
    49  45  47
    50  45  48
    51  48  49
    52  48  53
    53  48  64
    54  49  50
    55  49  51
    56  49  52
    57  53  54
    58  54  55
    59  54  56
    60  54  57
    61  57  58
    62  57  59
    63  57  60
    64  60  61
    65  60  62
    66  60  63
    67  63  251
    68  65  68
    69  65  69
    70  65  70
    71  70  71
    72  70  72
    73  70  73
    74  71  74
    75  71  75
    76  71  76
    77  76  77
    78  76  78
    79  76  79
    80  77  80
    81  77  81
    82  77  82
    83  82  83
    84  82  84
    85  82  85
    86  83  86
    87  83  87
    88  83  88
    89  88  89
    90  88  90
    91  88  91
    92  89  92
    93  89  93
    94  89  94
    95  94  95
    96  94  96
    97  94  97
    98  95  98
    99  95  99
    100  95  100
    101  100  101
    102  100  102
    103  100  103
    104  101  104
    105  101  105
    106  101  106
    107  102  107
    108  106  127
    109  106  128
    110  106  129
    111  107  108
    112  107  109
    113  107  110
    114  110  111
    115  110  115
    116  110  126
    117  111  112
    118  111  113
    119  111  114
    120  115  116
    121  116  117
    122  116  118
    123  116  119
    124  119  120
    125  119  121
    126  119  122
    127  122  123
    128  122  124
    129  122  125
    130  125  252
    131  127  130
    132  127  131
    133  127  132
    134  132  133
    135  132  134
    136  132  135
    137  133  136
    138  133  137
    139  133  138
    140  138  139
    141  138  140
    142  138  141
    143  139  142
    144  139  143
    145  139  144
    146  144  145
    147  144  146
    148  144  147
    149  145  148
    150  145  149
    151  145  150
    152  150  151
    153  150  152
    154  150  153
    155  151  154
    156  151  155
    157  151  156
    158  156  157
    159  156  158
    160  156  159
    161  157  160
    162  157  161
    163  157  162
    164  162  163
    165  162  164
    166  162  165
    167  163  166
    168  163  167
    169  163  168
    170  164  169
    171  168  189
    172  168  190
    173  168  191
    174  169  170
    175  169  171
    176  169  172
    177  172  173
    178  172  177
    179  172  188
    180  173  174
    181  173  175
    182  173  176
    183  177  178
    184  178  179
    185  178  180
    186  178  181
    187  181  182
    188  181  183
    189  181  184
    190  184  185
    191  184  186
    192  184  187
    193  187  253
    194  189  192
    195  189  193
    196  189  194
    197  194  195
    198  194  196
    199  194  197
    200  195  198
    201  195  199
    202  195  200
    203  200  201
    204  200  202
    205  200  203
    206  201  204
    207  201  205
    208  201  206
    209  206  207
    210  206  208
    211  206  209
    212  207  210
    213  207  211
    214  207  212
    215  212  213
    216  212  214
    217  212  215
    218  213  216
    219  213  217
    220  213  218
    221  218  219
    222  218  220
    223  218  221
    224  219  222
    225  219  223
    226  219  224
    227  224  225
    228  224  226
    229  224  227
    230  225  228
    231  225  229
    232  225  230
    233  226  231
    234  231  232
    235  231  233
    236  231  234
    237  234  235
    238  234  239
    239  234  250
    240  235  236
    241  235  237
    242  235  238
    243  239  240
    244  240  241
    245  240  242
    246  240  243
    247  243  244
    248  243  245
    249  243  246
    250  246  247
    251  246  248
    252  246  249
    253  249  254
    254  255  256
    255  255  257
    256  255  258
    257  255  259
    258  256  260
    259  256  261
    260  256  262
    261  262  263
    262  262  264
    263  262  265
    264  263  266
    265  263  267
    266  263  268
    267  268  269
    268  268  270
    269  268  271
    270  269  272
    271  269  273
    272  269  274
    273  274  275
    274  274  276
    275  274  277
    276  275  278
    277  275  279
    278  275  280
    279  280  281
    280  280  282
    281  280  283
    282  281  284
    283  281  285
    284  281  286
    285  286  287
    286  286  288
    287  286  289
    288  287  290
    289  287  291
    290  287  292
    291  292  293
    292  292  294
    293  292  295
    294  293  296
    295  293  297
    296  293  298
    297  294  299
    298  298  319
    299  298  320
    300  298  321
    301  299  300
    302  299  301
    303  299  302
    304  302  303
    305  302  307
    306  302  318
    307  303  304
    308  303  305
    309  303  306
    310  307  308
    311  308  309
    312  308  310
    313  308  311
    314  311  312
    315  311  313
    316  311  314
    317  314  315
    318  314  316
    319  314  317
    320  317  505
    321  319  322
    322  319  323
    323  319  324
    324  324  325
    325  324  326
    326  324  327
    327  325  328
    328  325  329
    329  325  330
    330  330  331
    331  330  332
    332  330  333
    333  331  334
    334  331  335
    335  331  336
    336  336  337
    337  336  338
    338  336  339
    339  337  340
    340  337  341
    341  337  342
    342  342  343
    343  342  344
    344  342  345
    345  343  346
    346  343  347
    347  343  348
    348  348  349
    349  348  350
    350  348  351
    351  349  352
    352  349  353
    353  349  354
    354  354  355
    355  354  356
    356  354  357
    357  355  358
    358  355  359
    359  355  360
    360  356  361
    361  360  381
    362  360  382
    363  360  383
    364  361  362
    365  361  363
    366  361  364
    367  364  365
    368  364  369
    369  364  380
    370  365  366
    371  365  367
    372  365  368
    373  369  370
    374  370  371
    375  370  372
    376  370  373
    377  373  374
    378  373  375
    379  373  376
    380  376  377
    381  376  378
    382  376  379
    383  379  506
    384  381  384
    385  381  385
    386  381  386
    387  386  387
    388  386  388
    389  386  389
    390  387  390
    391  387  391
    392  387  392
    393  392  393
    394  392  394
    395  392  395
    396  393  396
    397  393  397
    398  393  398
    399  398  399
    400  398  400
    401  398  401
    402  399  402
    403  399  403
    404  399  404
    405  404  405
    406  404  406
    407  404  407
    408  405  408
    409  405  409
    410  405  410
    411  410  411
    412  410  412
    413  410  413
    414  411  414
    415  411  415
    416  411  416
    417  416  417
    418  416  418
    419  416  419
    420  417  420
    421  417  421
    422  417  422
    423  418  423
    424  422  443
    425  422  444
    426  422  445
    427  423  424
    428  423  425
    429  423  426
    430  426  427
    431  426  431
    432  426  442
    433  427  428
    434  427  429
    435  427  430
    436  431  432
    437  432  433
    438  432  434
    439  432  435
    440  435  436
    441  435  437
    442  435  438
    443  438  439
    444  438  440
    445  438  441
    446  441  507
    447  443  446
    448  443  447
    449  443  448
    450  448  449
    451  448  450
    452  448  451
    453  449  452
    454  449  453
    455  449  454
    456  454  455
    457  454  456
    458  454  457
    459  455  458
    460  455  459
    461  455  460
    462  460  461
    463  460  462
    464  460  463
    465  461  464
    466  461  465
    467  461  466
    468  466  467
    469  466  468
    470  466  469
    471  467  470
    472  467  471
    473  467  472
    474  472  473
    475  472  474
    476  472  475
    477  473  476
    478  473  477
    479  473  478
    480  478  479
    481  478  480
    482  478  481
    483  479  482
    484  479  483
    485  479  484
    486  480  485
    487  485  486
    488  485  487
    489  485  488
    490  488  489
    491  488  493
    492  488  504
    493  489  490
    494  489  491
    495  489  492
    496  493  494
    497  494  495
    498  494  496
    499  494  497
    500  497  498
    501  497  499
    502  497  500
    503  500  501
    504  500  502
    505  500  503
    506  503  508
    507  509  510
    508  509  511
    509  509  512
    510  509  513
    511  510  514
    512  510  515
    513  510  516
    514  516  517
    515  516  518
    516  516  519
    517  517  520
    518  517  521
    519  517  522
    520  522  523
    521  522  524
    522  522  525
    523  523  526
    524  523  527
    525  523  528
    526  528  529
    527  528  530
    528  528  531
    529  529  532
    530  529  533
    531  529  534
    532  534  535
    533  534  536
    534  534  537
    535  535  538
    536  535  539
    537  535  540
    538  540  541
    539  540  542
    540  540  543
    541  541  544
    542  541  545
    543  541  546
    544  546  547
    545  546  548
    546  546  549
    547  547  550
    548  547  551
    549  547  552
    550  548  553
    551  552  573
    552  552  574
    553  552  575
    554  553  554
    555  553  555
    556  553  556
    557  556  557
    558  556  561
    559  556  572
    560  557  558
    561  557  559
    562  557  560
    563  561  562
    564  562  563
    565  562  564
    566  562  565
    567  565  566
    568  565  567
    569  565  568
    570  568  569
    571  568  570
    572  568  571
    573  571  759
    574  573  576
    575  573  577
    576  573  578
    577  578  579
    578  578  580
    579  578  581
    580  579  582
    581  579  583
    582  579  584
    583  584  585
    584  584  586
    585  584  587
    586  585  588
    587  585  589
    588  585  590
    589  590  591
    590  590  592
    591  590  593
    592  591  594
    593  591  595
    594  591  596
    595  596  597
    596  596  598
    597  596  599
    598  597  600
    599  597  601
    600  597  602
    601  602  603
    602  602  604
    603  602  605
    604  603  606
    605  603  607
    606  603  608
    607  608  609
    608  608  610
    609  608  611
    610  609  612
    611  609  613
    612  609  614
    613  610  615
    614  614  635
    615  614  636
    616  614  637
    617  615  616
    618  615  617
    619  615  618
    620  618  619
    621  618  623
    622  618  634
    623  619  620
    624  619  621
    625  619  622
    626  623  624
    627  624  625
    628  624  626
    629  624  627
    630  627  628
    631  627  629
    632  627  630
    633  630  631
    634  630  632
    635  630  633
    636  633  760
    637  635  638
    638  635  639
    639  635  640
    640  640  641
    641  640  642
    642  640  643
    643  641  644
    644  641  645
    645  641  646
    646  646  647
    647  646  648
    648  646  649
    649  647  650
    650  647  651
    651  647  652
    652  652  653
    653  652  654
    654  652  655
    655  653  656
    656  653  657
    657  653  658
    658  658  659
    659  658  660
    660  658  661
    661  659  662
    662  659  663
    663  659  664
    664  664  665
    665  664  666
    666  664  667
    667  665  668
    668  665  669
    669  665  670
    670  670  671
    671  670  672
    672  670  673
    673  671  674
    674  671  675
    675  671  676
    676  672  677
    677  676  697
    678  676  698
    679  676  699
    680  677  678
    681  677  679
    682  677  680
    683  680  681
    684  680  685
    685  680  696
    686  681  682
    687  681  683
    688  681  684
    689  685  686
    690  686  687
    691  686  688
    692  686  689
    693  689  690
    694  689  691
    695  689  692
    696  692  693
    697  692  694
    698  692  695
    699  695  761
    700  697  700
    701  697  701
    702  697  702
    703  702  703
    704  702  704
    705  702  705
    706  703  706
    707  703  707
    708  703  708
    709  708  709
    710  708  710
    711  708  711
    712  709  712
    713  709  713
    714  709  714
    715  714  715
    716  714  716
    717  714  717
    718  715  718
    719  715  719
    720  715  720
    721  720  721
    722  720  722
    723  720  723
    724  721  724
    725  721  725
    726  721  726
    727  726  727
    728  726  728
    729  726  729
    730  727  730
    731  727  731
    732  727  732
    733  732  733
    734  732  734
    735  732  735
    736  733  736
    737  733  737
    738  733  738
    739  734  739
    740  739  740
    741  739  741
    742  739  742
    743  742  743
    744  742  747
    745  742  758
    746  743  744
    747  743  745
    748  743  746
    749  747  748
    750  748  749
    751  748  750
    752  748  751
    753  751  752
    754  751  753
    755  751  754
    756  754  755
    757  754  756
    758  754  757
    759  757  762
    760  763  764
    761  763  765
    762  763  766
    763  763  767
    764  764  768
    765  764  769
    766  764  770
    767  770  771
    768  770  772
    769  770  773
    770  771  774
    771  771  775
    772  771  776
    773  776  777
    774  776  778
    775  776  779
    776  777  780
    777  777  781
    778  777  782
    779  782  783
    780  782  784
    781  782  785
    782  783  786
    783  783  787
    784  783  788
    785  788  789
    786  788  790
    787  788  791
    788  789  792
    789  789  793
    790  789  794
    791  794  795
    792  794  796
    793  794  797
    794  795  798
    795  795  799
    796  795  800
    797  800  801
    798  800  802
    799  800  803
    800  801  804
    801  801  805
    802  801  806
    803  802  807
    804  806  827
    805  806  828
    806  806  829
    807  807  808
    808  807  809
    809  807  810
    810  810  811
    811  810  815
    812  810  826
    813  811  812
    814  811  813
    815  811  814
    816  815  816
    817  816  817
    818  816  818
    819  816  819
    820  819  820
    821  819  821
    822  819  822
    823  822  823
    824  822  824
    825  822  825
    826  825  1013
    827  827  830
    828  827  831
    829  827  832
    830  832  833
    831  832  834
    832  832  835
    833  833  836
    834  833  837
    835  833  838
    836  838  839
    837  838  840
    838  838  841
    839  839  842
    840  839  843
    841  839  844
    842  844  845
    843  844  846
    844  844  847
    845  845  848
    846  845  849
    847  845  850
    848  850  851
    849  850  852
    850  850  853
    851  851  854
    852  851  855
    853  851  856
    854  856  857
    855  856  858
    856  856  859
    857  857  860
    858  857  861
    859  857  862
    860  862  863
    861  862  864
    862  862  865
    863  863  866
    864  863  867
    865  863  868
    866  864  869
    867  868  889
    868  868  890
    869  868  891
    870  869  870
    871  869  871
    872  869  872
    873  872  873
    874  872  877
    875  872  888
    876  873  874
    877  873  875
    878  873  876
    879  877  878
    880  878  879
    881  878  880
    882  878  881
    883  881  882
    884  881  883
    885  881  884
    886  884  885
    887  884  886
    888  884  887
    889  887  1014
    890  889  892
    891  889  893
    892  889  894
    893  894  895
    894  894  896
    895  894  897
    896  895  898
    897  895  899
    898  895  900
    899  900  901
    900  900  902
    901  900  903
    902  901  904
    903  901  905
    904  901  906
    905  906  907
    906  906  908
    907  906  909
    908  907  910
    909  907  911
    910  907  912
    911  912  913
    912  912  914
    913  912  915
    914  913  916
    915  913  917
    916  913  918
    917  918  919
    918  918  920
    919  918  921
    920  919  922
    921  919  923
    922  919  924
    923  924  925
    924  924  926
    925  924  927
    926  925  928
    927  925  929
    928  925  930
    929  926  931
    930  930  951
    931  930  952
    932  930  953
    933  931  932
    934  931  933
    935  931  934
    936  934  935
    937  934  939
    938  934  950
    939  935  936
    940  935  937
    941  935  938
    942  939  940
    943  940  941
    944  940  942
    945  940  943
    946  943  944
    947  943  945
    948  943  946
    949  946  947
    950  946  948
    951  946  949
    952  949  1015
    953  951  954
    954  951  955
    955  951  956
    956  956  957
    957  956  958
    958  956  959
    959  957  960
    960  957  961
    961  957  962
    962  962  963
    963  962  964
    964  962  965
    965  963  966
    966  963  967
    967  963  968
    968  968  969
    969  968  970
    970  968  971
    971  969  972
    972  969  973
    973  969  974
    974  974  975
    975  974  976
    976  974  977
    977  975  978
    978  975  979
    979  975  980
    980  980  981
    981  980  982
    982  980  983
    983  981  984
    984  981  985
    985  981  986
    986  986  987
    987  986  988
    988  986  989
    989  987  990
    990  987  991
    991  987  992
    992  988  993
    993  993  994
    994  993  995
    995  993  996
    996  996  997
    997  996  1001
    998  996  1012
    999  997  998
    1000  997  999
    1001  997  1000
    1002  1001  1002
    1003  1002  1003
    1004  1002  1004
    1005  1002  1005
    1006  1005  1006
    1007  1005  1007
    1008  1005  1008
    1009  1008  1009
    1010  1008  1010
    1011  1008  1011
    1012  1011  1016
    1013  1017  1018
    1014  1017  1019
    1015  1017  1020
    1016  1017  1021
    1017  1018  1022
    1018  1018  1023
    1019  1018  1024
    1020  1024  1025
    1021  1024  1026
    1022  1024  1027
    1023  1025  1028
    1024  1025  1029
    1025  1025  1030
    1026  1030  1031
    1027  1030  1032
    1028  1030  1033
    1029  1031  1034
    1030  1031  1035
    1031  1031  1036
    1032  1036  1037
    1033  1036  1038
    1034  1036  1039
    1035  1037  1040
    1036  1037  1041
    1037  1037  1042
    1038  1042  1043
    1039  1042  1044
    1040  1042  1045
    1041  1043  1046
    1042  1043  1047
    1043  1043  1048
    1044  1048  1049
    1045  1048  1050
    1046  1048  1051
    1047  1049  1052
    1048  1049  1053
    1049  1049  1054
    1050  1054  1055
    1051  1054  1056
    1052  1054  1057
    1053  1055  1058
    1054  1055  1059
    1055  1055  1060
    1056  1056  1061
    1057  1060  1081
    1058  1060  1082
    1059  1060  1083
    1060  1061  1062
    1061  1061  1063
    1062  1061  1064
    1063  1064  1065
    1064  1064  1069
    1065  1064  1080
    1066  1065  1066
    1067  1065  1067
    1068  1065  1068
    1069  1069  1070
    1070  1070  1071
    1071  1070  1072
    1072  1070  1073
    1073  1073  1074
    1074  1073  1075
    1075  1073  1076
    1076  1076  1077
    1077  1076  1078
    1078  1076  1079
    1079  1079  1267
    1080  1081  1084
    1081  1081  1085
    1082  1081  1086
    1083  1086  1087
    1084  1086  1088
    1085  1086  1089
    1086  1087  1090
    1087  1087  1091
    1088  1087  1092
    1089  1092  1093
    1090  1092  1094
    1091  1092  1095
    1092  1093  1096
    1093  1093  1097
    1094  1093  1098
    1095  1098  1099
    1096  1098  1100
    1097  1098  1101
    1098  1099  1102
    1099  1099  1103
    1100  1099  1104
    1101  1104  1105
    1102  1104  1106
    1103  1104  1107
    1104  1105  1108
    1105  1105  1109
    1106  1105  1110
    1107  1110  1111
    1108  1110  1112
    1109  1110  1113
    1110  1111  1114
    1111  1111  1115
    1112  1111  1116
    1113  1116  1117
    1114  1116  1118
    1115  1116  1119
    1116  1117  1120
    1117  1117  1121
    1118  1117  1122
    1119  1118  1123
    1120  1122  1143
    1121  1122  1144
    1122  1122  1145
    1123  1123  1124
    1124  1123  1125
    1125  1123  1126
    1126  1126  1127
    1127  1126  1131
    1128  1126  1142
    1129  1127  1128
    1130  1127  1129
    1131  1127  1130
    1132  1131  1132
    1133  1132  1133
    1134  1132  1134
    1135  1132  1135
    1136  1135  1136
    1137  1135  1137
    1138  1135  1138
    1139  1138  1139
    1140  1138  1140
    1141  1138  1141
    1142  1141  1268
    1143  1143  1146
    1144  1143  1147
    1145  1143  1148
    1146  1148  1149
    1147  1148  1150
    1148  1148  1151
    1149  1149  1152
    1150  1149  1153
    1151  1149  1154
    1152  1154  1155
    1153  1154  1156
    1154  1154  1157
    1155  1155  1158
    1156  1155  1159
    1157  1155  1160
    1158  1160  1161
    1159  1160  1162
    1160  1160  1163
    1161  1161  1164
    1162  1161  1165
    1163  1161  1166
    1164  1166  1167
    1165  1166  1168
    1166  1166  1169
    1167  1167  1170
    1168  1167  1171
    1169  1167  1172
    1170  1172  1173
    1171  1172  1174
    1172  1172  1175
    1173  1173  1176
    1174  1173  1177
    1175  1173  1178
    1176  1178  1179
    1177  1178  1180
    1178  1178  1181
    1179  1179  1182
    1180  1179  1183
    1181  1179  1184
    1182  1180  1185
    1183  1184  1205
    1184  1184  1206
    1185  1184  1207
    1186  1185  1186
    1187  1185  1187
    1188  1185  1188
    1189  1188  1189
    1190  1188  1193
    1191  1188  1204
    1192  1189  1190
    1193  1189  1191
    1194  1189  1192
    1195  1193  1194
    1196  1194  1195
    1197  1194  1196
    1198  1194  1197
    1199  1197  1198
    1200  1197  1199
    1201  1197  1200
    1202  1200  1201
    1203  1200  1202
    1204  1200  1203
    1205  1203  1269
    1206  1205  1208
    1207  1205  1209
    1208  1205  1210
    1209  1210  1211
    1210  1210  1212
    1211  1210  1213
    1212  1211  1214
    1213  1211  1215
    1214  1211  1216
    1215  1216  1217
    1216  1216  1218
    1217  1216  1219
    1218  1217  1220
    1219  1217  1221
    1220  1217  1222
    1221  1222  1223
    1222  1222  1224
    1223  1222  1225
    1224  1223  1226
    1225  1223  1227
    1226  1223  1228
    1227  1228  1229
    1228  1228  1230
    1229  1228  1231
    1230  1229  1232
    1231  1229  1233
    1232  1229  1234
    1233  1234  1235
    1234  1234  1236
    1235  1234  1237
    1236  1235  1238
    1237  1235  1239
    1238  1235  1240
    1239  1240  1241
    1240  1240  1242
    1241  1240  1243
    1242  1241  1244
    1243  1241  1245
    1244  1241  1246
    1245  1242  1247
    1246  1247  1248
    1247  1247  1249
    1248  1247  1250
    1249  1250  1251
    1250  1250  1255
    1251  1250  1266
    1252  1251  1252
    1253  1251  1253
    1254  1251  1254
    1255  1255  1256
    1256  1256  1257
    1257  1256  1258
    1258  1256  1259
    1259  1259  1260
    1260  1259  1261
    1261  1259  1262
    1262  1262  1263
    1263  1262  1264
    1264  1262  1265
    1265  1265  1270
    1266  1271  1272
    1267  1271  1273
    1268  1271  1274
    1269  1271  1275
    1270  1272  1276
    1271  1272  1277
    1272  1272  1278
    1273  1278  1279
    1274  1278  1280
    1275  1278  1281
    1276  1279  1282
    1277  1279  1283
    1278  1279  1284
    1279  1284  1285
    1280  1284  1286
    1281  1284  1287
    1282  1285  1288
    1283  1285  1289
    1284  1285  1290
    1285  1290  1291
    1286  1290  1292
    1287  1290  1293
    1288  1291  1294
    1289  1291  1295
    1290  1291  1296
    1291  1296  1297
    1292  1296  1298
    1293  1296  1299
    1294  1297  1300
    1295  1297  1301
    1296  1297  1302
    1297  1302  1303
    1298  1302  1304
    1299  1302  1305
    1300  1303  1306
    1301  1303  1307
    1302  1303  1308
    1303  1308  1309
    1304  1308  1310
    1305  1308  1311
    1306  1309  1312
    1307  1309  1313
    1308  1309  1314
    1309  1310  1315
    1310  1314  1335
    1311  1314  1336
    1312  1314  1337
    1313  1315  1316
    1314  1315  1317
    1315  1315  1318
    1316  1318  1319
    1317  1318  1323
    1318  1318  1334
    1319  1319  1320
    1320  1319  1321
    1321  1319  1322
    1322  1323  1324
    1323  1324  1325
    1324  1324  1326
    1325  1324  1327
    1326  1327  1328
    1327  1327  1329
    1328  1327  1330
    1329  1330  1331
    1330  1330  1332
    1331  1330  1333
    1332  1333  1521
    1333  1335  1338
    1334  1335  1339
    1335  1335  1340
    1336  1340  1341
    1337  1340  1342
    1338  1340  1343
    1339  1341  1344
    1340  1341  1345
    1341  1341  1346
    1342  1346  1347
    1343  1346  1348
    1344  1346  1349
    1345  1347  1350
    1346  1347  1351
    1347  1347  1352
    1348  1352  1353
    1349  1352  1354
    1350  1352  1355
    1351  1353  1356
    1352  1353  1357
    1353  1353  1358
    1354  1358  1359
    1355  1358  1360
    1356  1358  1361
    1357  1359  1362
    1358  1359  1363
    1359  1359  1364
    1360  1364  1365
    1361  1364  1366
    1362  1364  1367
    1363  1365  1368
    1364  1365  1369
    1365  1365  1370
    1366  1370  1371
    1367  1370  1372
    1368  1370  1373
    1369  1371  1374
    1370  1371  1375
    1371  1371  1376
    1372  1372  1377
    1373  1376  1397
    1374  1376  1398
    1375  1376  1399
    1376  1377  1378
    1377  1377  1379
    1378  1377  1380
    1379  1380  1381
    1380  1380  1385
    1381  1380  1396
    1382  1381  1382
    1383  1381  1383
    1384  1381  1384
    1385  1385  1386
    1386  1386  1387
    1387  1386  1388
    1388  1386  1389
    1389  1389  1390
    1390  1389  1391
    1391  1389  1392
    1392  1392  1393
    1393  1392  1394
    1394  1392  1395
    1395  1395  1522
    1396  1397  1400
    1397  1397  1401
    1398  1397  1402
    1399  1402  1403
    1400  1402  1404
    1401  1402  1405
    1402  1403  1406
    1403  1403  1407
    1404  1403  1408
    1405  1408  1409
    1406  1408  1410
    1407  1408  1411
    1408  1409  1412
    1409  1409  1413
    1410  1409  1414
    1411  1414  1415
    1412  1414  1416
    1413  1414  1417
    1414  1415  1418
    1415  1415  1419
    1416  1415  1420
    1417  1420  1421
    1418  1420  1422
    1419  1420  1423
    1420  1421  1424
    1421  1421  1425
    1422  1421  1426
    1423  1426  1427
    1424  1426  1428
    1425  1426  1429
    1426  1427  1430
    1427  1427  1431
    1428  1427  1432
    1429  1432  1433
    1430  1432  1434
    1431  1432  1435
    1432  1433  1436
    1433  1433  1437
    1434  1433  1438
    1435  1434  1439
    1436  1438  1459
    1437  1438  1460
    1438  1438  1461
    1439  1439  1440
    1440  1439  1441
    1441  1439  1442
    1442  1442  1443
    1443  1442  1447
    1444  1442  1458
    1445  1443  1444
    1446  1443  1445
    1447  1443  1446
    1448  1447  1448
    1449  1448  1449
    1450  1448  1450
    1451  1448  1451
    1452  1451  1452
    1453  1451  1453
    1454  1451  1454
    1455  1454  1455
    1456  1454  1456
    1457  1454  1457
    1458  1457  1523
    1459  1459  1462
    1460  1459  1463
    1461  1459  1464
    1462  1464  1465
    1463  1464  1466
    1464  1464  1467
    1465  1465  1468
    1466  1465  1469
    1467  1465  1470
    1468  1470  1471
    1469  1470  1472
    1470  1470  1473
    1471  1471  1474
    1472  1471  1475
    1473  1471  1476
    1474  1476  1477
    1475  1476  1478
    1476  1476  1479
    1477  1477  1480
    1478  1477  1481
    1479  1477  1482
    1480  1482  1483
    1481  1482  1484
    1482  1482  1485
    1483  1483  1486
    1484  1483  1487
    1485  1483  1488
    1486  1488  1489
    1487  1488  1490
    1488  1488  1491
    1489  1489  1492
    1490  1489  1493
    1491  1489  1494
    1492  1494  1495
    1493  1494  1496
    1494  1494  1497
    1495  1495  1498
    1496  1495  1499
    1497  1495  1500
    1498  1496  1501
    1499  1501  1502
    1500  1501  1503
    1501  1501  1504
    1502  1504  1505
    1503  1504  1509
    1504  1504  1520
    1505  1505  1506
    1506  1505  1507
    1507  1505  1508
    1508  1509  1510
    1509  1510  1511
    1510  1510  1512
    1511  1510  1513
    1512  1513  1514
    1513  1513  1515
    1514  1513  1516
    1515  1516  1517
    1516  1516  1518
    1517  1516  1519
    1518  1519  1524
