1 1 4 0.459642 1.186 -5.065 0.432
2 1 4 0.409096 2.638 -4.726 0.566
3 1 32 -0.164723 0.526 -4.655 1.51
4 1 32 -0.164723 1.048 -6.38 0.304
5 1 32 -0.164723 0.677 -4.462 -0.636
6 1 32 -0.188955 2.763 -3.409 0.7
7 1 32 -0.188955 3.131 -5.33 1.641
8 1 4 0.387411 3.393 -5.174 -0.647
9 1 4 0.384646 4.771 -4.569 -0.68
10 1 32 -0.192108 3.488 -6.5 -0.642
11 1 32 -0.192108 2.726 -4.786 -1.727
12 1 32 -0.192251 4.796 -3.521 0.135
13 1 32 -0.192251 5.031 -4.171 -1.921
14 1 4 0.384511 5.834 -5.55 -0.261
15 1 4 0.384508 7.185 -4.874 -0.211
16 1 32 -0.192254 5.872 -6.545 -1.141
17 1 32 -0.192254 5.54 -6.032 0.944
18 1 32 -0.192254 7.306 -4.275 0.967
19 1 32 -0.192254 7.243 -3.963 -1.177
20 1 4 0.384508 8.325 -5.855 -0.396
21 1 4 0.384508 9.636 -5.287 0.112
22 1 32 -0.192254 8.052 -6.969 0.276
23 1 32 -0.192254 8.441 -6.135 -1.691
24 1 32 -0.192254 9.725 -4.021 -0.281
25 1 32 -0.192254 9.618 -5.335 1.44
26 1 4 0.384507 10.848 -6.051 -0.403
27 1 4 0.384496 12.13 -5.595 0.271
28 1 32 -0.192254 10.671 -7.348 -0.169
29 1 32 -0.192254 10.957 -5.851 -1.712
30 1 32 -0.192254 12.261 -4.29 0.061
31 1 32 -0.192254 12.018 -5.819 1.577
32 1 4 0.384184 13.376 -6.309 -0.249
33 1 4 0.380123 14.653 -5.729 0.346
34 1 32 -0.192267 13.301 -7.598 0.066
35 1 32 -0.192267 13.435 -6.179 -1.571
36 1 32 -0.192612 14.935 -4.602 -0.298
37 1 32 -0.192612 14.425 -5.459 1.626
38 1 4 0.354487 15.862 -6.671 0.267
39 1 4 0.380123 17.114 -6.037 -0.375
40 1 59 -0.266773 15.495 -7.82 -0.425
41 1 32 -0.197588 16.173 -7.019 1.51
42 1 32 -0.192612 16.963 -4.718 -0.364
43 1 32 -0.192612 17.199 -6.457 -1.635
44 1 4 0.384184 18.434 -6.371 0.354
45 1 4 0.426964 15.52 -8.884 0.467
46 1 32 -0.168587 14.719 -8.609 1.489
47 1 32 -0.168587 16.76 -9.043 0.911
48 1 4 0.401351 15.072 -10.166 -0.168
49 1 4 0.457691 13.575 -10.248 -0.157
50 1 32 -0.164877 13.129 -10.215 1.095
51 1 32 -0.164877 13.072 -9.221 -0.835
52 1 32 -0.164877 13.189 -11.386 -0.724
53 1 59 -0.251081 15.666 -11.202 0.557
54 1 4 0.551974 14.954 -12.388 0.742
55 1 32 -0.157269 13.687 -12.097 1.022
56 1 32 -0.157269 15.494 -13.055 1.756
57 1 4 0.667787 15.007 -13.25 -0.477
58 1 32 -0.085106 16.24 -13.236 -0.97
59 1 32 -0.085106 14.16 -12.776 -1.387
60 1 77 -0.00053 14.546 -14.906 -0.058
61 1 57 -0.46492 15.467 -15.423 0.872
62 1 57 -0.46492 13.263 -14.893 0.513
63 1 58 -0.051299 14.532 -15.849 -1.378
64 1 32 -0.191296 15.498 -10.208 -1.425
65 1 4 0.384496 19.718 -5.925 -0.392
66 1 32 -0.192267 18.486 -7.685 0.549
67 1 32 -0.192267 18.402 -5.755 1.532
68 1 32 -0.192254 19.624 -4.623 -0.623
69 1 32 -0.192254 19.775 -6.571 -1.553
70 1 4 0.384507 21.027 -6.186 0.392
71 1 4 0.384508 22.325 -5.762 -0.345
72 1 32 -0.192254 21.097 -7.481 0.672
73 1 32 -0.192254 20.957 -5.493 1.525
74 1 32 -0.192254 22.301 -4.444 -0.483
75 1 32 -0.192254 22.331 -6.324 -1.552
76 1 4 0.384508 23.638 -6.153 0.389
77 1 4 0.384508 24.944 -5.606 -0.253
78 1 32 -0.192254 23.715 -7.477 0.434
79 1 32 -0.192254 23.567 -5.672 1.626
80 1 32 -0.192254 24.926 -4.283 -0.14
81 1 32 -0.192254 24.95 -5.93 -1.545
82 1 4 0.384508 26.267 -6.126 0.389
83 1 4 0.384508 27.578 -5.553 -0.231
84 1 32 -0.192254 26.247 -5.827 1.685
85 1 32 -0.192254 26.3 -7.446 0.247
86 1 32 -0.192254 27.677 -6.024 -1.467
87 1 32 -0.192254 27.465 -4.229 -0.275
88 1 4 0.384507 28.905 -5.895 0.525
89 1 4 0.384496 30.095 -6.328 -0.383
90 1 32 -0.192254 28.653 -6.881 1.383
91 1 32 -0.192254 29.274 -4.813 1.203
92 1 32 -0.192254 29.685 -6.138 -1.631
93 1 32 -0.192254 30.305 -7.628 -0.198
94 1 4 0.384184 31.461 -5.58 -0.238
95 1 4 0.380123 32.56 -6.221 0.657
96 1 32 -0.192267 31.967 -5.439 -1.456
97 1 32 -0.192267 31.188 -4.379 0.261
98 1 32 -0.192612 32.87 -5.337 1.594
99 1 32 -0.192612 32.041 -7.3 1.233
100 1 4 0.354487 33.895 -6.637 -0.052
101 1 4 0.380123 35.2 -5.96 0.488
102 1 59 -0.266773 34.034 -8.008 0.13
103 1 32 -0.197588 33.782 -6.352 -1.344
104 1 32 -0.192612 35.082 -4.649 0.32
105 1 32 -0.192612 35.302 -6.232 1.783
106 1 4 0.384184 36.53 -6.412 -0.21
107 1 4 0.426964 34.154 -8.685 -1.073
108 1 32 -0.168587 33.452 -8.052 -2.004
109 1 32 -0.168587 35.43 -8.73 -1.435
110 1 4 0.401351 33.636 -10.082 -0.912
111 1 4 0.457691 32.223 -10.049 -0.421
112 1 32 -0.164877 32.161 -9.435 0.755
113 1 32 -0.164877 31.472 -9.397 -1.301
114 1 32 -0.164877 31.77 -11.291 -0.289
115 1 59 -0.251081 34.43 -10.781 -0.007
116 1 4 0.551974 34.501 -12.117 -0.391
117 1 32 -0.157269 33.705 -12.3 -1.435
118 1 32 -0.157269 35.753 -12.415 -0.728
119 1 4 0.667787 34.072 -13.014 0.725
120 1 32 -0.085106 34.861 -12.818 1.778
121 1 32 -0.085106 32.816 -12.728 1.057
122 1 77 -0.00053 34.163 -14.704 0.22
123 1 57 -0.46492 35.487 -15.03 -0.112
124 1 57 -0.46492 33.733 -15.524 1.285
125 1 58 -0.051299 33.207 -14.967 -1.062
126 1 32 -0.191296 33.677 -10.699 -2.092
127 1 4 0.384496 37.86 -5.848 0.404
128 1 32 -0.192267 36.59 -7.74 -0.181
129 1 32 -0.192267 36.477 -6.008 -1.474
130 1 32 -0.192254 37.814 -4.523 0.32
131 1 32 -0.192254 37.916 -6.203 1.684
132 1 4 0.384507 39.183 -6.322 -0.291
133 1 4 0.384508 40.512 -5.678 0.236
134 1 32 -0.192254 39.272 -7.642 -0.159
135 1 32 -0.192254 39.08 -6.023 -1.581
136 1 32 -0.192254 40.528 -4.414 -0.173
137 1 32 -0.192254 40.492 -5.706 1.565
138 1 4 0.384508 41.833 -6.364 -0.247
139 1 4 0.384508 43.148 -5.535 -0.081
140 1 32 -0.192254 41.969 -7.504 0.423
141 1 32 -0.192254 41.694 -6.633 -1.539
142 1 32 -0.192254 43.068 -4.848 1.052
143 1 32 -0.192254 43.23 -4.685 -1.1
144 1 4 0.384508 44.465 -6.375 -0.028
145 1 4 0.384508 45.793 -5.589 -0.27
146 1 32 -0.192254 44.388 -7.344 -0.933
147 1 32 -0.192254 44.542 -6.914 1.182
148 1 32 -0.192254 45.801 -4.53 0.531
149 1 32 -0.192254 45.817 -5.181 -1.534
150 1 4 0.384507 47.099 -6.403 0.009
151 1 4 0.384496 48.44 -5.655 -0.265
152 1 32 -0.192254 47.081 -7.504 -0.736
153 1 32 -0.192254 47.096 -6.744 1.291
154 1 32 -0.192254 48.485 -4.597 0.539
155 1 32 -0.192254 48.444 -5.242 -1.529
156 1 4 0.384184 49.727 -6.504 -0.016
157 1 4 0.380123 51.076 -5.767 -0.247
158 1 32 -0.192267 49.698 -6.946 1.235
159 1 32 -0.192267 49.693 -7.542 -0.845
160 1 32 -0.192612 51.131 -5.407 -1.524
161 1 32 -0.192612 51.098 -4.679 0.517
162 1 4 0.354487 52.334 -6.617 0.075
163 1 4 0.380123 53.625 -6.164 -0.651
164 1 59 -0.266773 52.076 -7.931 -0.301
165 1 32 -0.197588 52.55 -6.567 1.385
166 1 32 -0.192612 53.27 -5.311 -1.601
167 1 32 -0.192612 54.185 -7.233 -1.212
168 1 4 0.384184 54.699 -5.477 0.209
169 1 4 0.426964 52.943 -8.799 0.357
170 1 32 -0.168587 52.707 -8.741 1.662
171 1 32 -0.168587 54.2 -8.433 0.123
172 1 4 0.401351 52.745 -10.202 -0.118
173 1 4 0.457691 51.29 -10.544 -0.042
174 1 32 -0.164877 50.877 -10.46 1.217
175 1 32 -0.164877 50.601 -9.695 -0.796
176 1 32 -0.164877 51.104 -11.784 -0.484
177 1 59 -0.251081 53.518 -11.044 0.689
178 1 4 0.551974 53.088 -12.362 0.825
179 1 32 -0.157269 51.774 -12.371 1.023
180 1 32 -0.157269 53.698 -12.905 1.872
181 1 4 0.667787 53.407 -13.171 -0.388
182 1 32 -0.085106 54.698 -13.041 -0.672
183 1 32 -0.085106 52.682 -12.733 -1.413
184 1 77 -0.00053 53.024 -14.87 -0.091
185 1 57 -0.46492 53.81 -15.346 0.972
186 1 57 -0.46492 51.663 -14.98 0.251
187 1 58 -0.051299 53.311 -15.769 -1.408
188 1 32 -0.191296 53.15 -10.303 -1.383
189 1 4 0.384496 56.013 -6.271 0.37
190 1 32 -0.192267 54.199 -5.252 1.418
191 1 32 -0.192267 55.002 -4.318 -0.36
192 1 32 -0.192254 56.203 -6.495 1.666
193 1 32 -0.192254 55.9 -7.439 -0.258
194 1 4 0.384507 57.273 -5.556 -0.154
195 1 4 0.384508 58.575 -6.117 0.45
196 1 32 -0.192254 57.321 -5.685 -1.478
197 1 32 -0.192254 57.193 -4.267 0.16
198 1 32 -0.192254 58.554 -5.888 1.754
199 1 32 -0.192254 58.619 -7.428 0.237
200 1 4 0.384508 59.863 -5.497 -0.107
201 1 4 0.384508 61.11 -6.082 0.562
202 1 32 -0.192254 59.926 -5.726 -1.416
203 1 32 -0.192254 59.829 -4.185 0.108
204 1 32 -0.192254 60.894 -6.098 1.873
205 1 32 -0.192254 61.283 -7.331 0.136
206 1 4 0.384508 62.4 -5.301 0.327
207 1 4 0.384508 63.438 -6.09 -0.451
208 1 32 -0.192254 62.912 -4.989 1.51
209 1 32 -0.192254 62.115 -4.189 -0.338
210 1 32 -0.192254 63.299 -5.804 -1.74
211 1 32 -0.192254 63.231 -7.39 -0.26
212 1 4 0.384507 64.865 -5.766 -0.03
213 1 4 0.384498 65.855 -6.273 -1.055
214 1 32 -0.192254 65.122 -6.345 1.141
215 1 32 -0.192254 65.011 -4.452 0.089
216 1 32 -0.192254 65.658 -5.593 -2.177
217 1 32 -0.192254 65.635 -7.564 -1.279
218 1 4 0.384321 67.311 -6.102 -0.662
219 1 4 0.383045 67.804 -7.269 0.156
220 1 32 -0.192264 68.045 -6.04 -1.771
221 1 32 -0.192264 67.465 -4.979 0.034
222 1 32 -0.192467 67.746 -6.966 1.448
223 1 32 -0.192467 67.028 -8.317 -0.091
224 1 4 0.380034 69.227 -7.65 -0.191
225 1 4 0.454944 70.195 -6.584 0.22
226 1 59 -0.264588 69.545 -8.831 0.479
227 1 32 -0.194272 69.315 -7.836 -1.506
228 1 32 -0.164964 69.902 -5.434 -0.379
229 1 32 -0.164964 70.134 -6.429 1.539
230 1 32 -0.164964 71.425 -6.951 -0.124
231 1 4 0.427038 70.716 -9.455 0.053
232 1 32 -0.168586 71.778 -8.807 0.523
233 1 32 -0.168586 70.762 -9.469 -1.274
234 1 4 0.401352 70.714 -10.858 0.56
235 1 4 0.457691 69.587 -11.61 -0.068
236 1 32 -0.164877 69.739 -11.614 -1.388
237 1 32 -0.164877 68.436 -11.025 0.247
238 1 32 -0.164877 69.584 -12.861 0.377
239 1 59 -0.251081 71.912 -11.496 0.247
240 1 4 0.551974 72.035 -12.605 1.076
241 1 32 -0.157269 70.812 -12.998 1.404
242 1 32 -0.157269 72.699 -12.263 2.177
243 1 4 0.667787 72.746 -13.744 0.405
244 1 32 -0.085106 74.05 -13.485 0.338
245 1 32 -0.085106 72.549 -14.848 1.122
246 1 77 -0.00053 72.111 -13.998 -1.225
247 1 57 -0.46492 72.525 -12.934 -2.047
248 1 57 -0.46492 70.706 -14.04 -1.17
249 1 58 -0.051299 72.653 -15.386 -1.864
250 1 32 -0.191296 70.559 -10.838 1.881
251 1 27 0.355634 13.698 -16.301 -1.655
252 1 27 0.355634 32.468 -15.62 -1.002
253 1 27 0.355634 52.575 -16.277 -1.829
254 1 27 0.355634 72.012 -16.086 -2.139
255 2 4 0.459642 1.186 -5.065 0.432
256 2 4 0.409096 2.638 -4.726 0.566
257 2 32 -0.164723 0.526 -4.655 1.51
258 2 32 -0.164723 1.048 -6.38 0.304
259 2 32 -0.164723 0.677 -4.462 -0.636
260 2 32 -0.188955 2.763 -3.409 0.7
261 2 32 -0.188955 3.131 -5.33 1.641
262 2 4 0.387411 3.393 -5.174 -0.647
263 2 4 0.384646 4.771 -4.569 -0.68
264 2 32 -0.192108 3.488 -6.5 -0.642
265 2 32 -0.192108 2.726 -4.786 -1.727
266 2 32 -0.192251 4.796 -3.521 0.135
267 2 32 -0.192251 5.031 -4.171 -1.921
268 2 4 0.384511 5.834 -5.55 -0.261
269 2 4 0.384508 7.185 -4.874 -0.211
270 2 32 -0.192254 5.872 -6.545 -1.141
271 2 32 -0.192254 5.54 -6.032 0.944
272 2 32 -0.192254 7.306 -4.275 0.967
273 2 32 -0.192254 7.243 -3.963 -1.177
274 2 4 0.384508 8.325 -5.855 -0.396
275 2 4 0.384508 9.636 -5.287 0.112
276 2 32 -0.192254 8.052 -6.969 0.276
277 2 32 -0.192254 8.441 -6.135 -1.691
278 2 32 -0.192254 9.725 -4.021 -0.281
279 2 32 -0.192254 9.618 -5.335 1.44
280 2 4 0.384507 10.848 -6.051 -0.403
281 2 4 0.384496 12.13 -5.595 0.271
282 2 32 -0.192254 10.671 -7.348 -0.169
283 2 32 -0.192254 10.957 -5.851 -1.712
284 2 32 -0.192254 12.261 -4.29 0.061
285 2 32 -0.192254 12.018 -5.819 1.577
286 2 4 0.384184 13.376 -6.309 -0.249
287 2 4 0.380123 14.653 -5.729 0.346
288 2 32 -0.192267 13.301 -7.598 0.066
289 2 32 -0.192267 13.435 -6.179 -1.571
290 2 32 -0.192612 14.935 -4.602 -0.298
291 2 32 -0.192612 14.425 -5.459 1.626
292 2 4 0.354487 15.862 -6.671 0.267
293 2 4 0.380123 17.114 -6.037 -0.375
294 2 59 -0.266773 15.495 -7.82 -0.425
295 2 32 -0.197588 16.173 -7.019 1.51
296 2 32 -0.192612 16.963 -4.718 -0.364
297 2 32 -0.192612 17.199 -6.457 -1.635
298 2 4 0.384184 18.434 -6.371 0.354
299 2 4 0.426964 15.52 -8.884 0.467
300 2 32 -0.168587 14.719 -8.609 1.489
301 2 32 -0.168587 16.76 -9.043 0.911
302 2 4 0.401351 15.072 -10.166 -0.168
303 2 4 0.457691 13.575 -10.248 -0.157
304 2 32 -0.164877 13.129 -10.215 1.095
305 2 32 -0.164877 13.072 -9.221 -0.835
306 2 32 -0.164877 13.189 -11.386 -0.724
307 2 59 -0.251081 15.666 -11.202 0.557
308 2 4 0.551974 14.954 -12.388 0.742
309 2 32 -0.157269 13.687 -12.097 1.022
310 2 32 -0.157269 15.494 -13.055 1.756
311 2 4 0.667787 15.007 -13.25 -0.477
312 2 32 -0.085106 16.24 -13.236 -0.97
313 2 32 -0.085106 14.16 -12.776 -1.387
314 2 77 -0.00053 14.546 -14.906 -0.058
315 2 57 -0.46492 15.467 -15.423 0.872
316 2 57 -0.46492 13.263 -14.893 0.513
317 2 58 -0.051299 14.532 -15.849 -1.378
318 2 32 -0.191296 15.498 -10.208 -1.425
319 2 4 0.384496 19.718 -5.925 -0.392
320 2 32 -0.192267 18.486 -7.685 0.549
321 2 32 -0.192267 18.402 -5.755 1.532
322 2 32 -0.192254 19.624 -4.623 -0.623
323 2 32 -0.192254 19.775 -6.571 -1.553
324 2 4 0.384507 21.027 -6.186 0.392
325 2 4 0.384508 22.325 -5.762 -0.345
326 2 32 -0.192254 21.097 -7.481 0.672
327 2 32 -0.192254 20.957 -5.493 1.525
328 2 32 -0.192254 22.301 -4.444 -0.483
329 2 32 -0.192254 22.331 -6.324 -1.552
330 2 4 0.384508 23.638 -6.153 0.389
331 2 4 0.384508 24.944 -5.606 -0.253
332 2 32 -0.192254 23.715 -7.477 0.434
333 2 32 -0.192254 23.567 -5.672 1.626
334 2 32 -0.192254 24.926 -4.283 -0.14
335 2 32 -0.192254 24.95 -5.93 -1.545
336 2 4 0.384508 26.267 -6.126 0.389
337 2 4 0.384508 27.578 -5.553 -0.231
338 2 32 -0.192254 26.247 -5.827 1.685
339 2 32 -0.192254 26.3 -7.446 0.247
340 2 32 -0.192254 27.677 -6.024 -1.467
341 2 32 -0.192254 27.465 -4.229 -0.275
342 2 4 0.384507 28.905 -5.895 0.525
343 2 4 0.384496 30.095 -6.328 -0.383
344 2 32 -0.192254 28.653 -6.881 1.383
345 2 32 -0.192254 29.274 -4.813 1.203
346 2 32 -0.192254 29.685 -6.138 -1.631
347 2 32 -0.192254 30.305 -7.628 -0.198
348 2 4 0.384184 31.461 -5.58 -0.238
349 2 4 0.380123 32.56 -6.221 0.657
350 2 32 -0.192267 31.967 -5.439 -1.456
351 2 32 -0.192267 31.188 -4.379 0.261
352 2 32 -0.192612 32.87 -5.337 1.594
353 2 32 -0.192612 32.041 -7.3 1.233
354 2 4 0.354487 33.895 -6.637 -0.052
355 2 4 0.380123 35.2 -5.96 0.488
356 2 59 -0.266773 34.034 -8.008 0.13
357 2 32 -0.197588 33.782 -6.352 -1.344
358 2 32 -0.192612 35.082 -4.649 0.32
359 2 32 -0.192612 35.302 -6.232 1.783
360 2 4 0.384184 36.53 -6.412 -0.21
361 2 4 0.426964 34.154 -8.685 -1.073
362 2 32 -0.168587 33.452 -8.052 -2.004
363 2 32 -0.168587 35.43 -8.73 -1.435
364 2 4 0.401351 33.636 -10.082 -0.912
365 2 4 0.457691 32.223 -10.049 -0.421
366 2 32 -0.164877 32.161 -9.435 0.755
367 2 32 -0.164877 31.472 -9.397 -1.301
368 2 32 -0.164877 31.77 -11.291 -0.289
369 2 59 -0.251081 34.43 -10.781 -0.007
370 2 4 0.551974 34.501 -12.117 -0.391
371 2 32 -0.157269 33.705 -12.3 -1.435
372 2 32 -0.157269 35.753 -12.415 -0.728
373 2 4 0.667787 34.072 -13.014 0.725
374 2 32 -0.085106 34.861 -12.818 1.778
375 2 32 -0.085106 32.816 -12.728 1.057
376 2 77 -0.00053 34.163 -14.704 0.22
377 2 57 -0.46492 35.487 -15.03 -0.112
378 2 57 -0.46492 33.733 -15.524 1.285
379 2 58 -0.051299 33.207 -14.967 -1.062
380 2 32 -0.191296 33.677 -10.699 -2.092
381 2 4 0.384496 37.86 -5.848 0.404
382 2 32 -0.192267 36.59 -7.74 -0.181
383 2 32 -0.192267 36.477 -6.008 -1.474
384 2 32 -0.192254 37.814 -4.523 0.32
385 2 32 -0.192254 37.916 -6.203 1.684
386 2 4 0.384507 39.183 -6.322 -0.291
387 2 4 0.384508 40.512 -5.678 0.236
388 2 32 -0.192254 39.272 -7.642 -0.159
389 2 32 -0.192254 39.08 -6.023 -1.581
390 2 32 -0.192254 40.528 -4.414 -0.173
391 2 32 -0.192254 40.492 -5.706 1.565
392 2 4 0.384508 41.833 -6.364 -0.247
393 2 4 0.384508 43.148 -5.535 -0.081
394 2 32 -0.192254 41.969 -7.504 0.423
395 2 32 -0.192254 41.694 -6.633 -1.539
396 2 32 -0.192254 43.068 -4.848 1.052
397 2 32 -0.192254 43.23 -4.685 -1.1
398 2 4 0.384508 44.465 -6.375 -0.028
399 2 4 0.384508 45.793 -5.589 -0.27
400 2 32 -0.192254 44.388 -7.344 -0.933
401 2 32 -0.192254 44.542 -6.914 1.182
402 2 32 -0.192254 45.801 -4.53 0.531
403 2 32 -0.192254 45.817 -5.181 -1.534
404 2 4 0.384507 47.099 -6.403 0.009
405 2 4 0.384496 48.44 -5.655 -0.265
406 2 32 -0.192254 47.081 -7.504 -0.736
407 2 32 -0.192254 47.096 -6.744 1.291
408 2 32 -0.192254 48.485 -4.597 0.539
409 2 32 -0.192254 48.444 -5.242 -1.529
410 2 4 0.384184 49.727 -6.504 -0.016
411 2 4 0.380123 51.076 -5.767 -0.247
412 2 32 -0.192267 49.698 -6.946 1.235
413 2 32 -0.192267 49.693 -7.542 -0.845
414 2 32 -0.192612 51.131 -5.407 -1.524
415 2 32 -0.192612 51.098 -4.679 0.517
416 2 4 0.354487 52.334 -6.617 0.075
417 2 4 0.380123 53.625 -6.164 -0.651
418 2 59 -0.266773 52.076 -7.931 -0.301
419 2 32 -0.197588 52.55 -6.567 1.385
420 2 32 -0.192612 53.27 -5.311 -1.601
421 2 32 -0.192612 54.185 -7.233 -1.212
422 2 4 0.384184 54.699 -5.477 0.209
423 2 4 0.426964 52.943 -8.799 0.357
424 2 32 -0.168587 52.707 -8.741 1.662
425 2 32 -0.168587 54.2 -8.433 0.123
426 2 4 0.401351 52.745 -10.202 -0.118
427 2 4 0.457691 51.29 -10.544 -0.042
428 2 32 -0.164877 50.877 -10.46 1.217
429 2 32 -0.164877 50.601 -9.695 -0.796
430 2 32 -0.164877 51.104 -11.784 -0.484
431 2 59 -0.251081 53.518 -11.044 0.689
432 2 4 0.551974 53.088 -12.362 0.825
433 2 32 -0.157269 51.774 -12.371 1.023
434 2 32 -0.157269 53.698 -12.905 1.872
435 2 4 0.667787 53.407 -13.171 -0.388
436 2 32 -0.085106 54.698 -13.041 -0.672
437 2 32 -0.085106 52.682 -12.733 -1.413
438 2 77 -0.00053 53.024 -14.87 -0.091
439 2 57 -0.46492 53.81 -15.346 0.972
440 2 57 -0.46492 51.663 -14.98 0.251
441 2 58 -0.051299 53.311 -15.769 -1.408
442 2 32 -0.191296 53.15 -10.303 -1.383
443 2 4 0.384496 56.013 -6.271 0.37
444 2 32 -0.192267 54.199 -5.252 1.418
445 2 32 -0.192267 55.002 -4.318 -0.36
446 2 32 -0.192254 56.203 -6.495 1.666
447 2 32 -0.192254 55.9 -7.439 -0.258
448 2 4 0.384507 57.273 -5.556 -0.154
449 2 4 0.384508 58.575 -6.117 0.45
450 2 32 -0.192254 57.321 -5.685 -1.478
451 2 32 -0.192254 57.193 -4.267 0.16
452 2 32 -0.192254 58.554 -5.888 1.754
453 2 32 -0.192254 58.619 -7.428 0.237
454 2 4 0.384508 59.863 -5.497 -0.107
455 2 4 0.384508 61.11 -6.082 0.562
456 2 32 -0.192254 59.926 -5.726 -1.416
457 2 32 -0.192254 59.829 -4.185 0.108
458 2 32 -0.192254 60.894 -6.098 1.873
459 2 32 -0.192254 61.283 -7.331 0.136
460 2 4 0.384508 62.4 -5.301 0.327
461 2 4 0.384508 63.438 -6.09 -0.451
462 2 32 -0.192254 62.912 -4.989 1.51
463 2 32 -0.192254 62.115 -4.189 -0.338
464 2 32 -0.192254 63.299 -5.804 -1.74
465 2 32 -0.192254 63.231 -7.39 -0.26
466 2 4 0.384507 64.865 -5.766 -0.03
467 2 4 0.384498 65.855 -6.273 -1.055
468 2 32 -0.192254 65.122 -6.345 1.141
469 2 32 -0.192254 65.011 -4.452 0.089
470 2 32 -0.192254 65.658 -5.593 -2.177
471 2 32 -0.192254 65.635 -7.564 -1.279
472 2 4 0.384321 67.311 -6.102 -0.662
473 2 4 0.383045 67.804 -7.269 0.156
474 2 32 -0.192264 68.045 -6.04 -1.771
475 2 32 -0.192264 67.465 -4.979 0.034
476 2 32 -0.192467 67.746 -6.966 1.448
477 2 32 -0.192467 67.028 -8.317 -0.091
478 2 4 0.380034 69.227 -7.65 -0.191
479 2 4 0.454944 70.195 -6.584 0.22
480 2 59 -0.264588 69.545 -8.831 0.479
481 2 32 -0.194272 69.315 -7.836 -1.506
482 2 32 -0.164964 69.902 -5.434 -0.379
483 2 32 -0.164964 70.134 -6.429 1.539
484 2 32 -0.164964 71.425 -6.951 -0.124
485 2 4 0.427038 70.716 -9.455 0.053
486 2 32 -0.168586 71.778 -8.807 0.523
487 2 32 -0.168586 70.762 -9.469 -1.274
488 2 4 0.401352 70.714 -10.858 0.56
489 2 4 0.457691 69.587 -11.61 -0.068
490 2 32 -0.164877 69.739 -11.614 -1.388
491 2 32 -0.164877 68.436 -11.025 0.247
492 2 32 -0.164877 69.584 -12.861 0.377
493 2 59 -0.251081 71.912 -11.496 0.247
494 2 4 0.551974 72.035 -12.605 1.076
495 2 32 -0.157269 70.812 -12.998 1.404
496 2 32 -0.157269 72.699 -12.263 2.177
497 2 4 0.667787 72.746 -13.744 0.405
498 2 32 -0.085106 74.05 -13.485 0.338
499 2 32 -0.085106 72.549 -14.848 1.122
500 2 77 -0.00053 72.111 -13.998 -1.225
501 2 57 -0.46492 72.525 -12.934 -2.047
502 2 57 -0.46492 70.706 -14.04 -1.17
503 2 58 -0.051299 72.653 -15.386 -1.864
504 2 32 -0.191296 70.559 -10.838 1.881
505 2 27 0.355634 13.698 -16.301 -1.655
506 2 27 0.355634 32.468 -15.62 -1.002
507 2 27 0.355634 52.575 -16.277 -1.829
508 2 27 0.355634 72.012 -16.086 -2.139
509 3 4 0.459642 1.186 -5.065 0.432
510 3 4 0.409096 2.638 -4.726 0.566
511 3 32 -0.164723 0.526 -4.655 1.51
512 3 32 -0.164723 1.048 -6.38 0.304
513 3 32 -0.164723 0.677 -4.462 -0.636
514 3 32 -0.188955 2.763 -3.409 0.7
515 3 32 -0.188955 3.131 -5.33 1.641
516 3 4 0.387411 3.393 -5.174 -0.647
517 3 4 0.384646 4.771 -4.569 -0.68
518 3 32 -0.192108 3.488 -6.5 -0.642
519 3 32 -0.192108 2.726 -4.786 -1.727
520 3 32 -0.192251 4.796 -3.521 0.135
521 3 32 -0.192251 5.031 -4.171 -1.921
522 3 4 0.384511 5.834 -5.55 -0.261
523 3 4 0.384508 7.185 -4.874 -0.211
524 3 32 -0.192254 5.872 -6.545 -1.141
525 3 32 -0.192254 5.54 -6.032 0.944
526 3 32 -0.192254 7.306 -4.275 0.967
527 3 32 -0.192254 7.243 -3.963 -1.177
528 3 4 0.384508 8.325 -5.855 -0.396
529 3 4 0.384508 9.636 -5.287 0.112
530 3 32 -0.192254 8.052 -6.969 0.276
531 3 32 -0.192254 8.441 -6.135 -1.691
532 3 32 -0.192254 9.725 -4.021 -0.281
533 3 32 -0.192254 9.618 -5.335 1.44
534 3 4 0.384507 10.848 -6.051 -0.403
535 3 4 0.384496 12.13 -5.595 0.271
536 3 32 -0.192254 10.671 -7.348 -0.169
537 3 32 -0.192254 10.957 -5.851 -1.712
538 3 32 -0.192254 12.261 -4.29 0.061
539 3 32 -0.192254 12.018 -5.819 1.577
540 3 4 0.384184 13.376 -6.309 -0.249
541 3 4 0.380123 14.653 -5.729 0.346
542 3 32 -0.192267 13.301 -7.598 0.066
543 3 32 -0.192267 13.435 -6.179 -1.571
544 3 32 -0.192612 14.935 -4.602 -0.298
545 3 32 -0.192612 14.425 -5.459 1.626
546 3 4 0.354487 15.862 -6.671 0.267
547 3 4 0.380123 17.114 -6.037 -0.375
548 3 59 -0.266773 15.495 -7.82 -0.425
549 3 32 -0.197588 16.173 -7.019 1.51
550 3 32 -0.192612 16.963 -4.718 -0.364
551 3 32 -0.192612 17.199 -6.457 -1.635
552 3 4 0.384184 18.434 -6.371 0.354
553 3 4 0.426964 15.52 -8.884 0.467
554 3 32 -0.168587 14.719 -8.609 1.489
555 3 32 -0.168587 16.76 -9.043 0.911
556 3 4 0.401351 15.072 -10.166 -0.168
557 3 4 0.457691 13.575 -10.248 -0.157
558 3 32 -0.164877 13.129 -10.215 1.095
559 3 32 -0.164877 13.072 -9.221 -0.835
560 3 32 -0.164877 13.189 -11.386 -0.724
561 3 59 -0.251081 15.666 -11.202 0.557
562 3 4 0.551974 14.954 -12.388 0.742
563 3 32 -0.157269 13.687 -12.097 1.022
564 3 32 -0.157269 15.494 -13.055 1.756
565 3 4 0.667787 15.007 -13.25 -0.477
566 3 32 -0.085106 16.24 -13.236 -0.97
567 3 32 -0.085106 14.16 -12.776 -1.387
568 3 77 -0.00053 14.546 -14.906 -0.058
569 3 57 -0.46492 15.467 -15.423 0.872
570 3 57 -0.46492 13.263 -14.893 0.513
571 3 58 -0.051299 14.532 -15.849 -1.378
572 3 32 -0.191296 15.498 -10.208 -1.425
573 3 4 0.384496 19.718 -5.925 -0.392
574 3 32 -0.192267 18.486 -7.685 0.549
575 3 32 -0.192267 18.402 -5.755 1.532
576 3 32 -0.192254 19.624 -4.623 -0.623
577 3 32 -0.192254 19.775 -6.571 -1.553
578 3 4 0.384507 21.027 -6.186 0.392
579 3 4 0.384508 22.325 -5.762 -0.345
580 3 32 -0.192254 21.097 -7.481 0.672
581 3 32 -0.192254 20.957 -5.493 1.525
582 3 32 -0.192254 22.301 -4.444 -0.483
583 3 32 -0.192254 22.331 -6.324 -1.552
584 3 4 0.384508 23.638 -6.153 0.389
585 3 4 0.384508 24.944 -5.606 -0.253
586 3 32 -0.192254 23.715 -7.477 0.434
587 3 32 -0.192254 23.567 -5.672 1.626
588 3 32 -0.192254 24.926 -4.283 -0.14
589 3 32 -0.192254 24.95 -5.93 -1.545
590 3 4 0.384508 26.267 -6.126 0.389
591 3 4 0.384508 27.578 -5.553 -0.231
592 3 32 -0.192254 26.247 -5.827 1.685
593 3 32 -0.192254 26.3 -7.446 0.247
594 3 32 -0.192254 27.677 -6.024 -1.467
595 3 32 -0.192254 27.465 -4.229 -0.275
596 3 4 0.384507 28.905 -5.895 0.525
597 3 4 0.384496 30.095 -6.328 -0.383
598 3 32 -0.192254 28.653 -6.881 1.383
599 3 32 -0.192254 29.274 -4.813 1.203
600 3 32 -0.192254 29.685 -6.138 -1.631
601 3 32 -0.192254 30.305 -7.628 -0.198
602 3 4 0.384184 31.461 -5.58 -0.238
603 3 4 0.380123 32.56 -6.221 0.657
604 3 32 -0.192267 31.967 -5.439 -1.456
605 3 32 -0.192267 31.188 -4.379 0.261
606 3 32 -0.192612 32.87 -5.337 1.594
607 3 32 -0.192612 32.041 -7.3 1.233
608 3 4 0.354487 33.895 -6.637 -0.052
609 3 4 0.380123 35.2 -5.96 0.488
610 3 59 -0.266773 34.034 -8.008 0.13
611 3 32 -0.197588 33.782 -6.352 -1.344
612 3 32 -0.192612 35.082 -4.649 0.32
613 3 32 -0.192612 35.302 -6.232 1.783
614 3 4 0.384184 36.53 -6.412 -0.21
615 3 4 0.426964 34.154 -8.685 -1.073
616 3 32 -0.168587 33.452 -8.052 -2.004
617 3 32 -0.168587 35.43 -8.73 -1.435
618 3 4 0.401351 33.636 -10.082 -0.912
619 3 4 0.457691 32.223 -10.049 -0.421
620 3 32 -0.164877 32.161 -9.435 0.755
621 3 32 -0.164877 31.472 -9.397 -1.301
622 3 32 -0.164877 31.77 -11.291 -0.289
623 3 59 -0.251081 34.43 -10.781 -0.007
624 3 4 0.551974 34.501 -12.117 -0.391
625 3 32 -0.157269 33.705 -12.3 -1.435
626 3 32 -0.157269 35.753 -12.415 -0.728
627 3 4 0.667787 34.072 -13.014 0.725
628 3 32 -0.085106 34.861 -12.818 1.778
629 3 32 -0.085106 32.816 -12.728 1.057
630 3 77 -0.00053 34.163 -14.704 0.22
631 3 57 -0.46492 35.487 -15.03 -0.112
632 3 57 -0.46492 33.733 -15.524 1.285
633 3 58 -0.051299 33.207 -14.967 -1.062
634 3 32 -0.191296 33.677 -10.699 -2.092
635 3 4 0.384496 37.86 -5.848 0.404
636 3 32 -0.192267 36.59 -7.74 -0.181
637 3 32 -0.192267 36.477 -6.008 -1.474
638 3 32 -0.192254 37.814 -4.523 0.32
639 3 32 -0.192254 37.916 -6.203 1.684
640 3 4 0.384507 39.183 -6.322 -0.291
641 3 4 0.384508 40.512 -5.678 0.236
642 3 32 -0.192254 39.272 -7.642 -0.159
643 3 32 -0.192254 39.08 -6.023 -1.581
644 3 32 -0.192254 40.528 -4.414 -0.173
645 3 32 -0.192254 40.492 -5.706 1.565
646 3 4 0.384508 41.833 -6.364 -0.247
647 3 4 0.384508 43.148 -5.535 -0.081
648 3 32 -0.192254 41.969 -7.504 0.423
649 3 32 -0.192254 41.694 -6.633 -1.539
650 3 32 -0.192254 43.068 -4.848 1.052
651 3 32 -0.192254 43.23 -4.685 -1.1
652 3 4 0.384508 44.465 -6.375 -0.028
653 3 4 0.384508 45.793 -5.589 -0.27
654 3 32 -0.192254 44.388 -7.344 -0.933
655 3 32 -0.192254 44.542 -6.914 1.182
656 3 32 -0.192254 45.801 -4.53 0.531
657 3 32 -0.192254 45.817 -5.181 -1.534
658 3 4 0.384507 47.099 -6.403 0.009
659 3 4 0.384496 48.44 -5.655 -0.265
660 3 32 -0.192254 47.081 -7.504 -0.736
661 3 32 -0.192254 47.096 -6.744 1.291
662 3 32 -0.192254 48.485 -4.597 0.539
663 3 32 -0.192254 48.444 -5.242 -1.529
664 3 4 0.384184 49.727 -6.504 -0.016
665 3 4 0.380123 51.076 -5.767 -0.247
666 3 32 -0.192267 49.698 -6.946 1.235
667 3 32 -0.192267 49.693 -7.542 -0.845
668 3 32 -0.192612 51.131 -5.407 -1.524
669 3 32 -0.192612 51.098 -4.679 0.517
670 3 4 0.354487 52.334 -6.617 0.075
671 3 4 0.380123 53.625 -6.164 -0.651
672 3 59 -0.266773 52.076 -7.931 -0.301
673 3 32 -0.197588 52.55 -6.567 1.385
674 3 32 -0.192612 53.27 -5.311 -1.601
675 3 32 -0.192612 54.185 -7.233 -1.212
676 3 4 0.384184 54.699 -5.477 0.209
677 3 4 0.426964 52.943 -8.799 0.357
678 3 32 -0.168587 52.707 -8.741 1.662
679 3 32 -0.168587 54.2 -8.433 0.123
680 3 4 0.401351 52.745 -10.202 -0.118
681 3 4 0.457691 51.29 -10.544 -0.042
682 3 32 -0.164877 50.877 -10.46 1.217
683 3 32 -0.164877 50.601 -9.695 -0.796
684 3 32 -0.164877 51.104 -11.784 -0.484
685 3 59 -0.251081 53.518 -11.044 0.689
686 3 4 0.551974 53.088 -12.362 0.825
687 3 32 -0.157269 51.774 -12.371 1.023
688 3 32 -0.157269 53.698 -12.905 1.872
689 3 4 0.667787 53.407 -13.171 -0.388
690 3 32 -0.085106 54.698 -13.041 -0.672
691 3 32 -0.085106 52.682 -12.733 -1.413
692 3 77 -0.00053 53.024 -14.87 -0.091
693 3 57 -0.46492 53.81 -15.346 0.972
694 3 57 -0.46492 51.663 -14.98 0.251
695 3 58 -0.051299 53.311 -15.769 -1.408
696 3 32 -0.191296 53.15 -10.303 -1.383
697 3 4 0.384496 56.013 -6.271 0.37
698 3 32 -0.192267 54.199 -5.252 1.418
699 3 32 -0.192267 55.002 -4.318 -0.36
700 3 32 -0.192254 56.203 -6.495 1.666
701 3 32 -0.192254 55.9 -7.439 -0.258
702 3 4 0.384507 57.273 -5.556 -0.154
703 3 4 0.384508 58.575 -6.117 0.45
704 3 32 -0.192254 57.321 -5.685 -1.478
705 3 32 -0.192254 57.193 -4.267 0.16
706 3 32 -0.192254 58.554 -5.888 1.754
707 3 32 -0.192254 58.619 -7.428 0.237
708 3 4 0.384508 59.863 -5.497 -0.107
709 3 4 0.384508 61.11 -6.082 0.562
710 3 32 -0.192254 59.926 -5.726 -1.416
711 3 32 -0.192254 59.829 -4.185 0.108
712 3 32 -0.192254 60.894 -6.098 1.873
713 3 32 -0.192254 61.283 -7.331 0.136
714 3 4 0.384508 62.4 -5.301 0.327
715 3 4 0.384508 63.438 -6.09 -0.451
716 3 32 -0.192254 62.912 -4.989 1.51
717 3 32 -0.192254 62.115 -4.189 -0.338
718 3 32 -0.192254 63.299 -5.804 -1.74
719 3 32 -0.192254 63.231 -7.39 -0.26
720 3 4 0.384507 64.865 -5.766 -0.03
721 3 4 0.384498 65.855 -6.273 -1.055
722 3 32 -0.192254 65.122 -6.345 1.141
723 3 32 -0.192254 65.011 -4.452 0.089
724 3 32 -0.192254 65.658 -5.593 -2.177
725 3 32 -0.192254 65.635 -7.564 -1.279
726 3 4 0.384321 67.311 -6.102 -0.662
727 3 4 0.383045 67.804 -7.269 0.156
728 3 32 -0.192264 68.045 -6.04 -1.771
729 3 32 -0.192264 67.465 -4.979 0.034
730 3 32 -0.192467 67.746 -6.966 1.448
731 3 32 -0.192467 67.028 -8.317 -0.091
732 3 4 0.380034 69.227 -7.65 -0.191
733 3 4 0.454944 70.195 -6.584 0.22
734 3 59 -0.264588 69.545 -8.831 0.479
735 3 32 -0.194272 69.315 -7.836 -1.506
736 3 32 -0.164964 69.902 -5.434 -0.379
737 3 32 -0.164964 70.134 -6.429 1.539
738 3 32 -0.164964 71.425 -6.951 -0.124
739 3 4 0.427038 70.716 -9.455 0.053
740 3 32 -0.168586 71.778 -8.807 0.523
741 3 32 -0.168586 70.762 -9.469 -1.274
742 3 4 0.401352 70.714 -10.858 0.56
743 3 4 0.457691 69.587 -11.61 -0.068
744 3 32 -0.164877 69.739 -11.614 -1.388
745 3 32 -0.164877 68.436 -11.025 0.247
746 3 32 -0.164877 69.584 -12.861 0.377
747 3 59 -0.251081 71.912 -11.496 0.247
748 3 4 0.551974 72.035 -12.605 1.076
749 3 32 -0.157269 70.812 -12.998 1.404
750 3 32 -0.157269 72.699 -12.263 2.177
751 3 4 0.667787 72.746 -13.744 0.405
752 3 32 -0.085106 74.05 -13.485 0.338
753 3 32 -0.085106 72.549 -14.848 1.122
754 3 77 -0.00053 72.111 -13.998 -1.225
755 3 57 -0.46492 72.525 -12.934 -2.047
756 3 57 -0.46492 70.706 -14.04 -1.17
757 3 58 -0.051299 72.653 -15.386 -1.864
758 3 32 -0.191296 70.559 -10.838 1.881
759 3 27 0.355634 13.698 -16.301 -1.655
760 3 27 0.355634 32.468 -15.62 -1.002
761 3 27 0.355634 52.575 -16.277 -1.829
762 3 27 0.355634 72.012 -16.086 -2.139
763 4 4 0.459642 1.186 -5.065 0.432
764 4 4 0.409096 2.638 -4.726 0.566
765 4 32 -0.164723 0.526 -4.655 1.51
766 4 32 -0.164723 1.048 -6.38 0.304
767 4 32 -0.164723 0.677 -4.462 -0.636
768 4 32 -0.188955 2.763 -3.409 0.7
769 4 32 -0.188955 3.131 -5.33 1.641
770 4 4 0.387411 3.393 -5.174 -0.647
771 4 4 0.384646 4.771 -4.569 -0.68
772 4 32 -0.192108 3.488 -6.5 -0.642
773 4 32 -0.192108 2.726 -4.786 -1.727
774 4 32 -0.192251 4.796 -3.521 0.135
775 4 32 -0.192251 5.031 -4.171 -1.921
776 4 4 0.384511 5.834 -5.55 -0.261
777 4 4 0.384508 7.185 -4.874 -0.211
778 4 32 -0.192254 5.872 -6.545 -1.141
779 4 32 -0.192254 5.54 -6.032 0.944
780 4 32 -0.192254 7.306 -4.275 0.967
781 4 32 -0.192254 7.243 -3.963 -1.177
782 4 4 0.384508 8.325 -5.855 -0.396
783 4 4 0.384508 9.636 -5.287 0.112
784 4 32 -0.192254 8.052 -6.969 0.276
785 4 32 -0.192254 8.441 -6.135 -1.691
786 4 32 -0.192254 9.725 -4.021 -0.281
787 4 32 -0.192254 9.618 -5.335 1.44
788 4 4 0.384507 10.848 -6.051 -0.403
789 4 4 0.384496 12.13 -5.595 0.271
790 4 32 -0.192254 10.671 -7.348 -0.169
791 4 32 -0.192254 10.957 -5.851 -1.712
792 4 32 -0.192254 12.261 -4.29 0.061
793 4 32 -0.192254 12.018 -5.819 1.577
794 4 4 0.384184 13.376 -6.309 -0.249
795 4 4 0.380123 14.653 -5.729 0.346
796 4 32 -0.192267 13.301 -7.598 0.066
797 4 32 -0.192267 13.435 -6.179 -1.571
798 4 32 -0.192612 14.935 -4.602 -0.298
799 4 32 -0.192612 14.425 -5.459 1.626
800 4 4 0.354487 15.862 -6.671 0.267
801 4 4 0.380123 17.114 -6.037 -0.375
802 4 59 -0.266773 15.495 -7.82 -0.425
803 4 32 -0.197588 16.173 -7.019 1.51
804 4 32 -0.192612 16.963 -4.718 -0.364
805 4 32 -0.192612 17.199 -6.457 -1.635
806 4 4 0.384184 18.434 -6.371 0.354
807 4 4 0.426964 15.52 -8.884 0.467
808 4 32 -0.168587 14.719 -8.609 1.489
809 4 32 -0.168587 16.76 -9.043 0.911
810 4 4 0.401351 15.072 -10.166 -0.168
811 4 4 0.457691 13.575 -10.248 -0.157
812 4 32 -0.164877 13.129 -10.215 1.095
813 4 32 -0.164877 13.072 -9.221 -0.835
814 4 32 -0.164877 13.189 -11.386 -0.724
815 4 59 -0.251081 15.666 -11.202 0.557
816 4 4 0.551974 14.954 -12.388 0.742
817 4 32 -0.157269 13.687 -12.097 1.022
818 4 32 -0.157269 15.494 -13.055 1.756
819 4 4 0.667787 15.007 -13.25 -0.477
820 4 32 -0.085106 16.24 -13.236 -0.97
821 4 32 -0.085106 14.16 -12.776 -1.387
822 4 77 -0.00053 14.546 -14.906 -0.058
823 4 57 -0.46492 15.467 -15.423 0.872
824 4 57 -0.46492 13.263 -14.893 0.513
825 4 58 -0.051299 14.532 -15.849 -1.378
826 4 32 -0.191296 15.498 -10.208 -1.425
827 4 4 0.384496 19.718 -5.925 -0.392
828 4 32 -0.192267 18.486 -7.685 0.549
829 4 32 -0.192267 18.402 -5.755 1.532
830 4 32 -0.192254 19.624 -4.623 -0.623
831 4 32 -0.192254 19.775 -6.571 -1.553
832 4 4 0.384507 21.027 -6.186 0.392
833 4 4 0.384508 22.325 -5.762 -0.345
834 4 32 -0.192254 21.097 -7.481 0.672
835 4 32 -0.192254 20.957 -5.493 1.525
836 4 32 -0.192254 22.301 -4.444 -0.483
837 4 32 -0.192254 22.331 -6.324 -1.552
838 4 4 0.384508 23.638 -6.153 0.389
839 4 4 0.384508 24.944 -5.606 -0.253
840 4 32 -0.192254 23.715 -7.477 0.434
841 4 32 -0.192254 23.567 -5.672 1.626
842 4 32 -0.192254 24.926 -4.283 -0.14
843 4 32 -0.192254 24.95 -5.93 -1.545
844 4 4 0.384508 26.267 -6.126 0.389
845 4 4 0.384508 27.578 -5.553 -0.231
846 4 32 -0.192254 26.247 -5.827 1.685
847 4 32 -0.192254 26.3 -7.446 0.247
848 4 32 -0.192254 27.677 -6.024 -1.467
849 4 32 -0.192254 27.465 -4.229 -0.275
850 4 4 0.384507 28.905 -5.895 0.525
851 4 4 0.384496 30.095 -6.328 -0.383
852 4 32 -0.192254 28.653 -6.881 1.383
853 4 32 -0.192254 29.274 -4.813 1.203
854 4 32 -0.192254 29.685 -6.138 -1.631
855 4 32 -0.192254 30.305 -7.628 -0.198
856 4 4 0.384184 31.461 -5.58 -0.238
857 4 4 0.380123 32.56 -6.221 0.657
858 4 32 -0.192267 31.967 -5.439 -1.456
859 4 32 -0.192267 31.188 -4.379 0.261
860 4 32 -0.192612 32.87 -5.337 1.594
861 4 32 -0.192612 32.041 -7.3 1.233
862 4 4 0.354487 33.895 -6.637 -0.052
863 4 4 0.380123 35.2 -5.96 0.488
864 4 59 -0.266773 34.034 -8.008 0.13
865 4 32 -0.197588 33.782 -6.352 -1.344
866 4 32 -0.192612 35.082 -4.649 0.32
867 4 32 -0.192612 35.302 -6.232 1.783
868 4 4 0.384184 36.53 -6.412 -0.21
869 4 4 0.426964 34.154 -8.685 -1.073
870 4 32 -0.168587 33.452 -8.052 -2.004
871 4 32 -0.168587 35.43 -8.73 -1.435
872 4 4 0.401351 33.636 -10.082 -0.912
873 4 4 0.457691 32.223 -10.049 -0.421
874 4 32 -0.164877 32.161 -9.435 0.755
875 4 32 -0.164877 31.472 -9.397 -1.301
876 4 32 -0.164877 31.77 -11.291 -0.289
877 4 59 -0.251081 34.43 -10.781 -0.007
878 4 4 0.551974 34.501 -12.117 -0.391
879 4 32 -0.157269 33.705 -12.3 -1.435
880 4 32 -0.157269 35.753 -12.415 -0.728
881 4 4 0.667787 34.072 -13.014 0.725
882 4 32 -0.085106 34.861 -12.818 1.778
883 4 32 -0.085106 32.816 -12.728 1.057
884 4 77 -0.00053 34.163 -14.704 0.22
885 4 57 -0.46492 35.487 -15.03 -0.112
886 4 57 -0.46492 33.733 -15.524 1.285
887 4 58 -0.051299 33.207 -14.967 -1.062
888 4 32 -0.191296 33.677 -10.699 -2.092
889 4 4 0.384496 37.86 -5.848 0.404
890 4 32 -0.192267 36.59 -7.74 -0.181
891 4 32 -0.192267 36.477 -6.008 -1.474
892 4 32 -0.192254 37.814 -4.523 0.32
893 4 32 -0.192254 37.916 -6.203 1.684
894 4 4 0.384507 39.183 -6.322 -0.291
895 4 4 0.384508 40.512 -5.678 0.236
896 4 32 -0.192254 39.272 -7.642 -0.159
897 4 32 -0.192254 39.08 -6.023 -1.581
898 4 32 -0.192254 40.528 -4.414 -0.173
899 4 32 -0.192254 40.492 -5.706 1.565
900 4 4 0.384508 41.833 -6.364 -0.247
901 4 4 0.384508 43.148 -5.535 -0.081
902 4 32 -0.192254 41.969 -7.504 0.423
903 4 32 -0.192254 41.694 -6.633 -1.539
904 4 32 -0.192254 43.068 -4.848 1.052
905 4 32 -0.192254 43.23 -4.685 -1.1
906 4 4 0.384508 44.465 -6.375 -0.028
907 4 4 0.384508 45.793 -5.589 -0.27
908 4 32 -0.192254 44.388 -7.344 -0.933
909 4 32 -0.192254 44.542 -6.914 1.182
910 4 32 -0.192254 45.801 -4.53 0.531
911 4 32 -0.192254 45.817 -5.181 -1.534
912 4 4 0.384507 47.099 -6.403 0.009
913 4 4 0.384496 48.44 -5.655 -0.265
914 4 32 -0.192254 47.081 -7.504 -0.736
915 4 32 -0.192254 47.096 -6.744 1.291
916 4 32 -0.192254 48.485 -4.597 0.539
917 4 32 -0.192254 48.444 -5.242 -1.529
918 4 4 0.384184 49.727 -6.504 -0.016
919 4 4 0.380123 51.076 -5.767 -0.247
920 4 32 -0.192267 49.698 -6.946 1.235
921 4 32 -0.192267 49.693 -7.542 -0.845
922 4 32 -0.192612 51.131 -5.407 -1.524
923 4 32 -0.192612 51.098 -4.679 0.517
924 4 4 0.354487 52.334 -6.617 0.075
925 4 4 0.380123 53.625 -6.164 -0.651
926 4 59 -0.266773 52.076 -7.931 -0.301
927 4 32 -0.197588 52.55 -6.567 1.385
928 4 32 -0.192612 53.27 -5.311 -1.601
929 4 32 -0.192612 54.185 -7.233 -1.212
930 4 4 0.384184 54.699 -5.477 0.209
931 4 4 0.426964 52.943 -8.799 0.357
932 4 32 -0.168587 52.707 -8.741 1.662
933 4 32 -0.168587 54.2 -8.433 0.123
934 4 4 0.401351 52.745 -10.202 -0.118
935 4 4 0.457691 51.29 -10.544 -0.042
936 4 32 -0.164877 50.877 -10.46 1.217
937 4 32 -0.164877 50.601 -9.695 -0.796
938 4 32 -0.164877 51.104 -11.784 -0.484
939 4 59 -0.251081 53.518 -11.044 0.689
940 4 4 0.551974 53.088 -12.362 0.825
941 4 32 -0.157269 51.774 -12.371 1.023
942 4 32 -0.157269 53.698 -12.905 1.872
943 4 4 0.667787 53.407 -13.171 -0.388
944 4 32 -0.085106 54.698 -13.041 -0.672
945 4 32 -0.085106 52.682 -12.733 -1.413
946 4 77 -0.00053 53.024 -14.87 -0.091
947 4 57 -0.46492 53.81 -15.346 0.972
948 4 57 -0.46492 51.663 -14.98 0.251
949 4 58 -0.051299 53.311 -15.769 -1.408
950 4 32 -0.191296 53.15 -10.303 -1.383
951 4 4 0.384496 56.013 -6.271 0.37
952 4 32 -0.192267 54.199 -5.252 1.418
953 4 32 -0.192267 55.002 -4.318 -0.36
954 4 32 -0.192254 56.203 -6.495 1.666
955 4 32 -0.192254 55.9 -7.439 -0.258
956 4 4 0.384507 57.273 -5.556 -0.154
957 4 4 0.384508 58.575 -6.117 0.45
958 4 32 -0.192254 57.321 -5.685 -1.478
959 4 32 -0.192254 57.193 -4.267 0.16
960 4 32 -0.192254 58.554 -5.888 1.754
961 4 32 -0.192254 58.619 -7.428 0.237
962 4 4 0.384508 59.863 -5.497 -0.107
963 4 4 0.384508 61.11 -6.082 0.562
964 4 32 -0.192254 59.926 -5.726 -1.416
965 4 32 -0.192254 59.829 -4.185 0.108
966 4 32 -0.192254 60.894 -6.098 1.873
967 4 32 -0.192254 61.283 -7.331 0.136
968 4 4 0.384508 62.4 -5.301 0.327
969 4 4 0.384508 63.438 -6.09 -0.451
970 4 32 -0.192254 62.912 -4.989 1.51
971 4 32 -0.192254 62.115 -4.189 -0.338
972 4 32 -0.192254 63.299 -5.804 -1.74
973 4 32 -0.192254 63.231 -7.39 -0.26
974 4 4 0.384507 64.865 -5.766 -0.03
975 4 4 0.384498 65.855 -6.273 -1.055
976 4 32 -0.192254 65.122 -6.345 1.141
977 4 32 -0.192254 65.011 -4.452 0.089
978 4 32 -0.192254 65.658 -5.593 -2.177
979 4 32 -0.192254 65.635 -7.564 -1.279
980 4 4 0.384321 67.311 -6.102 -0.662
981 4 4 0.383045 67.804 -7.269 0.156
982 4 32 -0.192264 68.045 -6.04 -1.771
983 4 32 -0.192264 67.465 -4.979 0.034
984 4 32 -0.192467 67.746 -6.966 1.448
985 4 32 -0.192467 67.028 -8.317 -0.091
986 4 4 0.380034 69.227 -7.65 -0.191
987 4 4 0.454944 70.195 -6.584 0.22
988 4 59 -0.264588 69.545 -8.831 0.479
989 4 32 -0.194272 69.315 -7.836 -1.506
990 4 32 -0.164964 69.902 -5.434 -0.379
991 4 32 -0.164964 70.134 -6.429 1.539
992 4 32 -0.164964 71.425 -6.951 -0.124
993 4 4 0.427038 70.716 -9.455 0.053
994 4 32 -0.168586 71.778 -8.807 0.523
995 4 32 -0.168586 70.762 -9.469 -1.274
996 4 4 0.401352 70.714 -10.858 0.56
997 4 4 0.457691 69.587 -11.61 -0.068
998 4 32 -0.164877 69.739 -11.614 -1.388
999 4 32 -0.164877 68.436 -11.025 0.247
1000 4 32 -0.164877 69.584 -12.861 0.377
1001 4 59 -0.251081 71.912 -11.496 0.247
1002 4 4 0.551974 72.035 -12.605 1.076
1003 4 32 -0.157269 70.812 -12.998 1.404
1004 4 32 -0.157269 72.699 -12.263 2.177
1005 4 4 0.667787 72.746 -13.744 0.405
1006 4 32 -0.085106 74.05 -13.485 0.338
1007 4 32 -0.085106 72.549 -14.848 1.122
1008 4 77 -0.00053 72.111 -13.998 -1.225
1009 4 57 -0.46492 72.525 -12.934 -2.047
1010 4 57 -0.46492 70.706 -14.04 -1.17
1011 4 58 -0.051299 72.653 -15.386 -1.864
1012 4 32 -0.191296 70.559 -10.838 1.881
1013 4 27 0.355634 13.698 -16.301 -1.655
1014 4 27 0.355634 32.468 -15.62 -1.002
1015 4 27 0.355634 52.575 -16.277 -1.829
1016 4 27 0.355634 72.012 -16.086 -2.139
1017 5 4 0.459642 1.186 -5.065 0.432
1018 5 4 0.409096 2.638 -4.726 0.566
1019 5 32 -0.164723 0.526 -4.655 1.51
1020 5 32 -0.164723 1.048 -6.38 0.304
1021 5 32 -0.164723 0.677 -4.462 -0.636
1022 5 32 -0.188955 2.763 -3.409 0.7
1023 5 32 -0.188955 3.131 -5.33 1.641
1024 5 4 0.387411 3.393 -5.174 -0.647
1025 5 4 0.384646 4.771 -4.569 -0.68
1026 5 32 -0.192108 3.488 -6.5 -0.642
1027 5 32 -0.192108 2.726 -4.786 -1.727
1028 5 32 -0.192251 4.796 -3.521 0.135
1029 5 32 -0.192251 5.031 -4.171 -1.921
1030 5 4 0.384511 5.834 -5.55 -0.261
1031 5 4 0.384508 7.185 -4.874 -0.211
1032 5 32 -0.192254 5.872 -6.545 -1.141
1033 5 32 -0.192254 5.54 -6.032 0.944
1034 5 32 -0.192254 7.306 -4.275 0.967
1035 5 32 -0.192254 7.243 -3.963 -1.177
1036 5 4 0.384508 8.325 -5.855 -0.396
1037 5 4 0.384508 9.636 -5.287 0.112
1038 5 32 -0.192254 8.052 -6.969 0.276
1039 5 32 -0.192254 8.441 -6.135 -1.691
1040 5 32 -0.192254 9.725 -4.021 -0.281
1041 5 32 -0.192254 9.618 -5.335 1.44
1042 5 4 0.384507 10.848 -6.051 -0.403
1043 5 4 0.384496 12.13 -5.595 0.271
1044 5 32 -0.192254 10.671 -7.348 -0.169
1045 5 32 -0.192254 10.957 -5.851 -1.712
1046 5 32 -0.192254 12.261 -4.29 0.061
1047 5 32 -0.192254 12.018 -5.819 1.577
1048 5 4 0.384184 13.376 -6.309 -0.249
1049 5 4 0.380123 14.653 -5.729 0.346
1050 5 32 -0.192267 13.301 -7.598 0.066
1051 5 32 -0.192267 13.435 -6.179 -1.571
1052 5 32 -0.192612 14.935 -4.602 -0.298
1053 5 32 -0.192612 14.425 -5.459 1.626
1054 5 4 0.354487 15.862 -6.671 0.267
1055 5 4 0.380123 17.114 -6.037 -0.375
1056 5 59 -0.266773 15.495 -7.82 -0.425
1057 5 32 -0.197588 16.173 -7.019 1.51
1058 5 32 -0.192612 16.963 -4.718 -0.364
1059 5 32 -0.192612 17.199 -6.457 -1.635
1060 5 4 0.384184 18.434 -6.371 0.354
1061 5 4 0.426964 15.52 -8.884 0.467
1062 5 32 -0.168587 14.719 -8.609 1.489
1063 5 32 -0.168587 16.76 -9.043 0.911
1064 5 4 0.401351 15.072 -10.166 -0.168
1065 5 4 0.457691 13.575 -10.248 -0.157
1066 5 32 -0.164877 13.129 -10.215 1.095
1067 5 32 -0.164877 13.072 -9.221 -0.835
1068 5 32 -0.164877 13.189 -11.386 -0.724
1069 5 59 -0.251081 15.666 -11.202 0.557
1070 5 4 0.551974 14.954 -12.388 0.742
1071 5 32 -0.157269 13.687 -12.097 1.022
1072 5 32 -0.157269 15.494 -13.055 1.756
1073 5 4 0.667787 15.007 -13.25 -0.477
1074 5 32 -0.085106 16.24 -13.236 -0.97
1075 5 32 -0.085106 14.16 -12.776 -1.387
1076 5 77 -0.00053 14.546 -14.906 -0.058
1077 5 57 -0.46492 15.467 -15.423 0.872
1078 5 57 -0.46492 13.263 -14.893 0.513
1079 5 58 -0.051299 14.532 -15.849 -1.378
1080 5 32 -0.191296 15.498 -10.208 -1.425
1081 5 4 0.384496 19.718 -5.925 -0.392
1082 5 32 -0.192267 18.486 -7.685 0.549
1083 5 32 -0.192267 18.402 -5.755 1.532
1084 5 32 -0.192254 19.624 -4.623 -0.623
1085 5 32 -0.192254 19.775 -6.571 -1.553
1086 5 4 0.384507 21.027 -6.186 0.392
1087 5 4 0.384508 22.325 -5.762 -0.345
1088 5 32 -0.192254 21.097 -7.481 0.672
1089 5 32 -0.192254 20.957 -5.493 1.525
1090 5 32 -0.192254 22.301 -4.444 -0.483
1091 5 32 -0.192254 22.331 -6.324 -1.552
1092 5 4 0.384508 23.638 -6.153 0.389
1093 5 4 0.384508 24.944 -5.606 -0.253
1094 5 32 -0.192254 23.715 -7.477 0.434
1095 5 32 -0.192254 23.567 -5.672 1.626
1096 5 32 -0.192254 24.926 -4.283 -0.14
1097 5 32 -0.192254 24.95 -5.93 -1.545
1098 5 4 0.384508 26.267 -6.126 0.389
1099 5 4 0.384508 27.578 -5.553 -0.231
1100 5 32 -0.192254 26.247 -5.827 1.685
1101 5 32 -0.192254 26.3 -7.446 0.247
1102 5 32 -0.192254 27.677 -6.024 -1.467
1103 5 32 -0.192254 27.465 -4.229 -0.275
1104 5 4 0.384507 28.905 -5.895 0.525
1105 5 4 0.384496 30.095 -6.328 -0.383
1106 5 32 -0.192254 28.653 -6.881 1.383
1107 5 32 -0.192254 29.274 -4.813 1.203
1108 5 32 -0.192254 29.685 -6.138 -1.631
1109 5 32 -0.192254 30.305 -7.628 -0.198
1110 5 4 0.384184 31.461 -5.58 -0.238
1111 5 4 0.380123 32.56 -6.221 0.657
1112 5 32 -0.192267 31.967 -5.439 -1.456
1113 5 32 -0.192267 31.188 -4.379 0.261
1114 5 32 -0.192612 32.87 -5.337 1.594
1115 5 32 -0.192612 32.041 -7.3 1.233
1116 5 4 0.354487 33.895 -6.637 -0.052
1117 5 4 0.380123 35.2 -5.96 0.488
1118 5 59 -0.266773 34.034 -8.008 0.13
1119 5 32 -0.197588 33.782 -6.352 -1.344
1120 5 32 -0.192612 35.082 -4.649 0.32
1121 5 32 -0.192612 35.302 -6.232 1.783
1122 5 4 0.384184 36.53 -6.412 -0.21
1123 5 4 0.426964 34.154 -8.685 -1.073
1124 5 32 -0.168587 33.452 -8.052 -2.004
1125 5 32 -0.168587 35.43 -8.73 -1.435
1126 5 4 0.401351 33.636 -10.082 -0.912
1127 5 4 0.457691 32.223 -10.049 -0.421
1128 5 32 -0.164877 32.161 -9.435 0.755
1129 5 32 -0.164877 31.472 -9.397 -1.301
1130 5 32 -0.164877 31.77 -11.291 -0.289
1131 5 59 -0.251081 34.43 -10.781 -0.007
1132 5 4 0.551974 34.501 -12.117 -0.391
1133 5 32 -0.157269 33.705 -12.3 -1.435
1134 5 32 -0.157269 35.753 -12.415 -0.728
1135 5 4 0.667787 34.072 -13.014 0.725
1136 5 32 -0.085106 34.861 -12.818 1.778
1137 5 32 -0.085106 32.816 -12.728 1.057
1138 5 77 -0.00053 34.163 -14.704 0.22
1139 5 57 -0.46492 35.487 -15.03 -0.112
1140 5 57 -0.46492 33.733 -15.524 1.285
1141 5 58 -0.051299 33.207 -14.967 -1.062
1142 5 32 -0.191296 33.677 -10.699 -2.092
1143 5 4 0.384496 37.86 -5.848 0.404
1144 5 32 -0.192267 36.59 -7.74 -0.181
1145 5 32 -0.192267 36.477 -6.008 -1.474
1146 5 32 -0.192254 37.814 -4.523 0.32
1147 5 32 -0.192254 37.916 -6.203 1.684
1148 5 4 0.384507 39.183 -6.322 -0.291
1149 5 4 0.384508 40.512 -5.678 0.236
1150 5 32 -0.192254 39.272 -7.642 -0.159
1151 5 32 -0.192254 39.08 -6.023 -1.581
1152 5 32 -0.192254 40.528 -4.414 -0.173
1153 5 32 -0.192254 40.492 -5.706 1.565
1154 5 4 0.384508 41.833 -6.364 -0.247
1155 5 4 0.384508 43.148 -5.535 -0.081
1156 5 32 -0.192254 41.969 -7.504 0.423
1157 5 32 -0.192254 41.694 -6.633 -1.539
1158 5 32 -0.192254 43.068 -4.848 1.052
1159 5 32 -0.192254 43.23 -4.685 -1.1
1160 5 4 0.384508 44.465 -6.375 -0.028
1161 5 4 0.384508 45.793 -5.589 -0.27
1162 5 32 -0.192254 44.388 -7.344 -0.933
1163 5 32 -0.192254 44.542 -6.914 1.182
1164 5 32 -0.192254 45.801 -4.53 0.531
1165 5 32 -0.192254 45.817 -5.181 -1.534
1166 5 4 0.384507 47.099 -6.403 0.009
1167 5 4 0.384496 48.44 -5.655 -0.265
1168 5 32 -0.192254 47.081 -7.504 -0.736
1169 5 32 -0.192254 47.096 -6.744 1.291
1170 5 32 -0.192254 48.485 -4.597 0.539
1171 5 32 -0.192254 48.444 -5.242 -1.529
1172 5 4 0.384184 49.727 -6.504 -0.016
1173 5 4 0.380123 51.076 -5.767 -0.247
1174 5 32 -0.192267 49.698 -6.946 1.235
1175 5 32 -0.192267 49.693 -7.542 -0.845
1176 5 32 -0.192612 51.131 -5.407 -1.524
1177 5 32 -0.192612 51.098 -4.679 0.517
1178 5 4 0.354487 52.334 -6.617 0.075
1179 5 4 0.380123 53.625 -6.164 -0.651
1180 5 59 -0.266773 52.076 -7.931 -0.301
1181 5 32 -0.197588 52.55 -6.567 1.385
1182 5 32 -0.192612 53.27 -5.311 -1.601
1183 5 32 -0.192612 54.185 -7.233 -1.212
1184 5 4 0.384184 54.699 -5.477 0.209
1185 5 4 0.426964 52.943 -8.799 0.357
1186 5 32 -0.168587 52.707 -8.741 1.662
1187 5 32 -0.168587 54.2 -8.433 0.123
1188 5 4 0.401351 52.745 -10.202 -0.118
1189 5 4 0.457691 51.29 -10.544 -0.042
1190 5 32 -0.164877 50.877 -10.46 1.217
1191 5 32 -0.164877 50.601 -9.695 -0.796
1192 5 32 -0.164877 51.104 -11.784 -0.484
1193 5 59 -0.251081 53.518 -11.044 0.689
1194 5 4 0.551974 53.088 -12.362 0.825
1195 5 32 -0.157269 51.774 -12.371 1.023
1196 5 32 -0.157269 53.698 -12.905 1.872
1197 5 4 0.667787 53.407 -13.171 -0.388
1198 5 32 -0.085106 54.698 -13.041 -0.672
1199 5 32 -0.085106 52.682 -12.733 -1.413
1200 5 77 -0.00053 53.024 -14.87 -0.091
1201 5 57 -0.46492 53.81 -15.346 0.972
1202 5 57 -0.46492 51.663 -14.98 0.251
1203 5 58 -0.051299 53.311 -15.769 -1.408
1204 5 32 -0.191296 53.15 -10.303 -1.383
1205 5 4 0.384496 56.013 -6.271 0.37
1206 5 32 -0.192267 54.199 -5.252 1.418
1207 5 32 -0.192267 55.002 -4.318 -0.36
1208 5 32 -0.192254 56.203 -6.495 1.666
1209 5 32 -0.192254 55.9 -7.439 -0.258
1210 5 4 0.384507 57.273 -5.556 -0.154
1211 5 4 0.384508 58.575 -6.117 0.45
1212 5 32 -0.192254 57.321 -5.685 -1.478
1213 5 32 -0.192254 57.193 -4.267 0.16
1214 5 32 -0.192254 58.554 -5.888 1.754
1215 5 32 -0.192254 58.619 -7.428 0.237
1216 5 4 0.384508 59.863 -5.497 -0.107
1217 5 4 0.384508 61.11 -6.082 0.562
1218 5 32 -0.192254 59.926 -5.726 -1.416
1219 5 32 -0.192254 59.829 -4.185 0.108
1220 5 32 -0.192254 60.894 -6.098 1.873
1221 5 32 -0.192254 61.283 -7.331 0.136
1222 5 4 0.384508 62.4 -5.301 0.327
1223 5 4 0.384508 63.438 -6.09 -0.451
1224 5 32 -0.192254 62.912 -4.989 1.51
1225 5 32 -0.192254 62.115 -4.189 -0.338
1226 5 32 -0.192254 63.299 -5.804 -1.74
1227 5 32 -0.192254 63.231 -7.39 -0.26
1228 5 4 0.384507 64.865 -5.766 -0.03
1229 5 4 0.384498 65.855 -6.273 -1.055
1230 5 32 -0.192254 65.122 -6.345 1.141
1231 5 32 -0.192254 65.011 -4.452 0.089
1232 5 32 -0.192254 65.658 -5.593 -2.177
1233 5 32 -0.192254 65.635 -7.564 -1.279
1234 5 4 0.384321 67.311 -6.102 -0.662
1235 5 4 0.383045 67.804 -7.269 0.156
1236 5 32 -0.192264 68.045 -6.04 -1.771
1237 5 32 -0.192264 67.465 -4.979 0.034
1238 5 32 -0.192467 67.746 -6.966 1.448
1239 5 32 -0.192467 67.028 -8.317 -0.091
1240 5 4 0.380034 69.227 -7.65 -0.191
1241 5 4 0.454944 70.195 -6.584 0.22
1242 5 59 -0.264588 69.545 -8.831 0.479
1243 5 32 -0.194272 69.315 -7.836 -1.506
1244 5 32 -0.164964 69.902 -5.434 -0.379
1245 5 32 -0.164964 70.134 -6.429 1.539
1246 5 32 -0.164964 71.425 -6.951 -0.124
1247 5 4 0.427038 70.716 -9.455 0.053
1248 5 32 -0.168586 71.778 -8.807 0.523
1249 5 32 -0.168586 70.762 -9.469 -1.274
1250 5 4 0.401352 70.714 -10.858 0.56
1251 5 4 0.457691 69.587 -11.61 -0.068
1252 5 32 -0.164877 69.739 -11.614 -1.388
1253 5 32 -0.164877 68.436 -11.025 0.247
1254 5 32 -0.164877 69.584 -12.861 0.377
1255 5 59 -0.251081 71.912 -11.496 0.247
1256 5 4 0.551974 72.035 -12.605 1.076
1257 5 32 -0.157269 70.812 -12.998 1.404
1258 5 32 -0.157269 72.699 -12.263 2.177
1259 5 4 0.667787 72.746 -13.744 0.405
1260 5 32 -0.085106 74.05 -13.485 0.338
1261 5 32 -0.085106 72.549 -14.848 1.122
1262 5 77 -0.00053 72.111 -13.998 -1.225
1263 5 57 -0.46492 72.525 -12.934 -2.047
1264 5 57 -0.46492 70.706 -14.04 -1.17
1265 5 58 -0.051299 72.653 -15.386 -1.864
1266 5 32 -0.191296 70.559 -10.838 1.881
1267 5 27 0.355634 13.698 -16.301 -1.655
1268 5 27 0.355634 32.468 -15.62 -1.002
1269 5 27 0.355634 52.575 -16.277 -1.829
1270 5 27 0.355634 72.012 -16.086 -2.139
1271 6 4 0.459642 1.186 -5.065 0.432
1272 6 4 0.409096 2.638 -4.726 0.566
1273 6 32 -0.164723 0.526 -4.655 1.51
1274 6 32 -0.164723 1.048 -6.38 0.304
1275 6 32 -0.164723 0.677 -4.462 -0.636
1276 6 32 -0.188955 2.763 -3.409 0.7
1277 6 32 -0.188955 3.131 -5.33 1.641
1278 6 4 0.387411 3.393 -5.174 -0.647
1279 6 4 0.384646 4.771 -4.569 -0.68
1280 6 32 -0.192108 3.488 -6.5 -0.642
1281 6 32 -0.192108 2.726 -4.786 -1.727
1282 6 32 -0.192251 4.796 -3.521 0.135
1283 6 32 -0.192251 5.031 -4.171 -1.921
1284 6 4 0.384511 5.834 -5.55 -0.261
1285 6 4 0.384508 7.185 -4.874 -0.211
1286 6 32 -0.192254 5.872 -6.545 -1.141
1287 6 32 -0.192254 5.54 -6.032 0.944
1288 6 32 -0.192254 7.306 -4.275 0.967
1289 6 32 -0.192254 7.243 -3.963 -1.177
1290 6 4 0.384508 8.325 -5.855 -0.396
1291 6 4 0.384508 9.636 -5.287 0.112
1292 6 32 -0.192254 8.052 -6.969 0.276
1293 6 32 -0.192254 8.441 -6.135 -1.691
1294 6 32 -0.192254 9.725 -4.021 -0.281
1295 6 32 -0.192254 9.618 -5.335 1.44
1296 6 4 0.384507 10.848 -6.051 -0.403
1297 6 4 0.384496 12.13 -5.595 0.271
1298 6 32 -0.192254 10.671 -7.348 -0.169
1299 6 32 -0.192254 10.957 -5.851 -1.712
1300 6 32 -0.192254 12.261 -4.29 0.061
1301 6 32 -0.192254 12.018 -5.819 1.577
1302 6 4 0.384184 13.376 -6.309 -0.249
1303 6 4 0.380123 14.653 -5.729 0.346
1304 6 32 -0.192267 13.301 -7.598 0.066
1305 6 32 -0.192267 13.435 -6.179 -1.571
1306 6 32 -0.192612 14.935 -4.602 -0.298
1307 6 32 -0.192612 14.425 -5.459 1.626
1308 6 4 0.354487 15.862 -6.671 0.267
1309 6 4 0.380123 17.114 -6.037 -0.375
1310 6 59 -0.266773 15.495 -7.82 -0.425
1311 6 32 -0.197588 16.173 -7.019 1.51
1312 6 32 -0.192612 16.963 -4.718 -0.364
1313 6 32 -0.192612 17.199 -6.457 -1.635
1314 6 4 0.384184 18.434 -6.371 0.354
1315 6 4 0.426964 15.52 -8.884 0.467
1316 6 32 -0.168587 14.719 -8.609 1.489
1317 6 32 -0.168587 16.76 -9.043 0.911
1318 6 4 0.401351 15.072 -10.166 -0.168
1319 6 4 0.457691 13.575 -10.248 -0.157
1320 6 32 -0.164877 13.129 -10.215 1.095
1321 6 32 -0.164877 13.072 -9.221 -0.835
1322 6 32 -0.164877 13.189 -11.386 -0.724
1323 6 59 -0.251081 15.666 -11.202 0.557
1324 6 4 0.551974 14.954 -12.388 0.742
1325 6 32 -0.157269 13.687 -12.097 1.022
1326 6 32 -0.157269 15.494 -13.055 1.756
1327 6 4 0.667787 15.007 -13.25 -0.477
1328 6 32 -0.085106 16.24 -13.236 -0.97
1329 6 32 -0.085106 14.16 -12.776 -1.387
1330 6 77 -0.00053 14.546 -14.906 -0.058
1331 6 57 -0.46492 15.467 -15.423 0.872
1332 6 57 -0.46492 13.263 -14.893 0.513
1333 6 58 -0.051299 14.532 -15.849 -1.378
1334 6 32 -0.191296 15.498 -10.208 -1.425
1335 6 4 0.384496 19.718 -5.925 -0.392
1336 6 32 -0.192267 18.486 -7.685 0.549
1337 6 32 -0.192267 18.402 -5.755 1.532
1338 6 32 -0.192254 19.624 -4.623 -0.623
1339 6 32 -0.192254 19.775 -6.571 -1.553
1340 6 4 0.384507 21.027 -6.186 0.392
1341 6 4 0.384508 22.325 -5.762 -0.345
1342 6 32 -0.192254 21.097 -7.481 0.672
1343 6 32 -0.192254 20.957 -5.493 1.525
1344 6 32 -0.192254 22.301 -4.444 -0.483
1345 6 32 -0.192254 22.331 -6.324 -1.552
1346 6 4 0.384508 23.638 -6.153 0.389
1347 6 4 0.384508 24.944 -5.606 -0.253
1348 6 32 -0.192254 23.715 -7.477 0.434
1349 6 32 -0.192254 23.567 -5.672 1.626
1350 6 32 -0.192254 24.926 -4.283 -0.14
1351 6 32 -0.192254 24.95 -5.93 -1.545
1352 6 4 0.384508 26.267 -6.126 0.389
1353 6 4 0.384508 27.578 -5.553 -0.231
1354 6 32 -0.192254 26.247 -5.827 1.685
1355 6 32 -0.192254 26.3 -7.446 0.247
1356 6 32 -0.192254 27.677 -6.024 -1.467
1357 6 32 -0.192254 27.465 -4.229 -0.275
1358 6 4 0.384507 28.905 -5.895 0.525
1359 6 4 0.384496 30.095 -6.328 -0.383
1360 6 32 -0.192254 28.653 -6.881 1.383
1361 6 32 -0.192254 29.274 -4.813 1.203
1362 6 32 -0.192254 29.685 -6.138 -1.631
1363 6 32 -0.192254 30.305 -7.628 -0.198
1364 6 4 0.384184 31.461 -5.58 -0.238
1365 6 4 0.380123 32.56 -6.221 0.657
1366 6 32 -0.192267 31.967 -5.439 -1.456
1367 6 32 -0.192267 31.188 -4.379 0.261
1368 6 32 -0.192612 32.87 -5.337 1.594
1369 6 32 -0.192612 32.041 -7.3 1.233
1370 6 4 0.354487 33.895 -6.637 -0.052
1371 6 4 0.380123 35.2 -5.96 0.488
1372 6 59 -0.266773 34.034 -8.008 0.13
1373 6 32 -0.197588 33.782 -6.352 -1.344
1374 6 32 -0.192612 35.082 -4.649 0.32
1375 6 32 -0.192612 35.302 -6.232 1.783
1376 6 4 0.384184 36.53 -6.412 -0.21
1377 6 4 0.426964 34.154 -8.685 -1.073
1378 6 32 -0.168587 33.452 -8.052 -2.004
1379 6 32 -0.168587 35.43 -8.73 -1.435
1380 6 4 0.401351 33.636 -10.082 -0.912
1381 6 4 0.457691 32.223 -10.049 -0.421
1382 6 32 -0.164877 32.161 -9.435 0.755
1383 6 32 -0.164877 31.472 -9.397 -1.301
1384 6 32 -0.164877 31.77 -11.291 -0.289
1385 6 59 -0.251081 34.43 -10.781 -0.007
1386 6 4 0.551974 34.501 -12.117 -0.391
1387 6 32 -0.157269 33.705 -12.3 -1.435
1388 6 32 -0.157269 35.753 -12.415 -0.728
1389 6 4 0.667787 34.072 -13.014 0.725
1390 6 32 -0.085106 34.861 -12.818 1.778
1391 6 32 -0.085106 32.816 -12.728 1.057
1392 6 77 -0.00053 34.163 -14.704 0.22
1393 6 57 -0.46492 35.487 -15.03 -0.112
1394 6 57 -0.46492 33.733 -15.524 1.285
1395 6 58 -0.051299 33.207 -14.967 -1.062
1396 6 32 -0.191296 33.677 -10.699 -2.092
1397 6 4 0.384496 37.86 -5.848 0.404
1398 6 32 -0.192267 36.59 -7.74 -0.181
1399 6 32 -0.192267 36.477 -6.008 -1.474
1400 6 32 -0.192254 37.814 -4.523 0.32
1401 6 32 -0.192254 37.916 -6.203 1.684
1402 6 4 0.384507 39.183 -6.322 -0.291
1403 6 4 0.384508 40.512 -5.678 0.236
1404 6 32 -0.192254 39.272 -7.642 -0.159
1405 6 32 -0.192254 39.08 -6.023 -1.581
1406 6 32 -0.192254 40.528 -4.414 -0.173
1407 6 32 -0.192254 40.492 -5.706 1.565
1408 6 4 0.384508 41.833 -6.364 -0.247
1409 6 4 0.384508 43.148 -5.535 -0.081
1410 6 32 -0.192254 41.969 -7.504 0.423
1411 6 32 -0.192254 41.694 -6.633 -1.539
1412 6 32 -0.192254 43.068 -4.848 1.052
1413 6 32 -0.192254 43.23 -4.685 -1.1
1414 6 4 0.384508 44.465 -6.375 -0.028
1415 6 4 0.384508 45.793 -5.589 -0.27
1416 6 32 -0.192254 44.388 -7.344 -0.933
1417 6 32 -0.192254 44.542 -6.914 1.182
1418 6 32 -0.192254 45.801 -4.53 0.531
1419 6 32 -0.192254 45.817 -5.181 -1.534
1420 6 4 0.384507 47.099 -6.403 0.009
1421 6 4 0.384496 48.44 -5.655 -0.265
1422 6 32 -0.192254 47.081 -7.504 -0.736
1423 6 32 -0.192254 47.096 -6.744 1.291
1424 6 32 -0.192254 48.485 -4.597 0.539
1425 6 32 -0.192254 48.444 -5.242 -1.529
1426 6 4 0.384184 49.727 -6.504 -0.016
1427 6 4 0.380123 51.076 -5.767 -0.247
1428 6 32 -0.192267 49.698 -6.946 1.235
1429 6 32 -0.192267 49.693 -7.542 -0.845
1430 6 32 -0.192612 51.131 -5.407 -1.524
1431 6 32 -0.192612 51.098 -4.679 0.517
1432 6 4 0.354487 52.334 -6.617 0.075
1433 6 4 0.380123 53.625 -6.164 -0.651
1434 6 59 -0.266773 52.076 -7.931 -0.301
1435 6 32 -0.197588 52.55 -6.567 1.385
1436 6 32 -0.192612 53.27 -5.311 -1.601
1437 6 32 -0.192612 54.185 -7.233 -1.212
1438 6 4 0.384184 54.699 -5.477 0.209
1439 6 4 0.426964 52.943 -8.799 0.357
1440 6 32 -0.168587 52.707 -8.741 1.662
1441 6 32 -0.168587 54.2 -8.433 0.123
1442 6 4 0.401351 52.745 -10.202 -0.118
1443 6 4 0.457691 51.29 -10.544 -0.042
1444 6 32 -0.164877 50.877 -10.46 1.217
1445 6 32 -0.164877 50.601 -9.695 -0.796
1446 6 32 -0.164877 51.104 -11.784 -0.484
1447 6 59 -0.251081 53.518 -11.044 0.689
1448 6 4 0.551974 53.088 -12.362 0.825
1449 6 32 -0.157269 51.774 -12.371 1.023
1450 6 32 -0.157269 53.698 -12.905 1.872
1451 6 4 0.667787 53.407 -13.171 -0.388
1452 6 32 -0.085106 54.698 -13.041 -0.672
1453 6 32 -0.085106 52.682 -12.733 -1.413
1454 6 77 -0.00053 53.024 -14.87 -0.091
1455 6 57 -0.46492 53.81 -15.346 0.972
1456 6 57 -0.46492 51.663 -14.98 0.251
1457 6 58 -0.051299 53.311 -15.769 -1.408
1458 6 32 -0.191296 53.15 -10.303 -1.383
1459 6 4 0.384496 56.013 -6.271 0.37
1460 6 32 -0.192267 54.199 -5.252 1.418
1461 6 32 -0.192267 55.002 -4.318 -0.36
1462 6 32 -0.192254 56.203 -6.495 1.666
1463 6 32 -0.192254 55.9 -7.439 -0.258
1464 6 4 0.384507 57.273 -5.556 -0.154
1465 6 4 0.384508 58.575 -6.117 0.45
1466 6 32 -0.192254 57.321 -5.685 -1.478
1467 6 32 -0.192254 57.193 -4.267 0.16
1468 6 32 -0.192254 58.554 -5.888 1.754
1469 6 32 -0.192254 58.619 -7.428 0.237
1470 6 4 0.384508 59.863 -5.497 -0.107
1471 6 4 0.384508 61.11 -6.082 0.562
1472 6 32 -0.192254 59.926 -5.726 -1.416
1473 6 32 -0.192254 59.829 -4.185 0.108
1474 6 32 -0.192254 60.894 -6.098 1.873
1475 6 32 -0.192254 61.283 -7.331 0.136
1476 6 4 0.384508 62.4 -5.301 0.327
1477 6 4 0.384508 63.438 -6.09 -0.451
1478 6 32 -0.192254 62.912 -4.989 1.51
1479 6 32 -0.192254 62.115 -4.189 -0.338
1480 6 32 -0.192254 63.299 -5.804 -1.74
1481 6 32 -0.192254 63.231 -7.39 -0.26
1482 6 4 0.384507 64.865 -5.766 -0.03
1483 6 4 0.384498 65.855 -6.273 -1.055
1484 6 32 -0.192254 65.122 -6.345 1.141
1485 6 32 -0.192254 65.011 -4.452 0.089
1486 6 32 -0.192254 65.658 -5.593 -2.177
1487 6 32 -0.192254 65.635 -7.564 -1.279
1488 6 4 0.384321 67.311 -6.102 -0.662
1489 6 4 0.383045 67.804 -7.269 0.156
1490 6 32 -0.192264 68.045 -6.04 -1.771
1491 6 32 -0.192264 67.465 -4.979 0.034
1492 6 32 -0.192467 67.746 -6.966 1.448
1493 6 32 -0.192467 67.028 -8.317 -0.091
1494 6 4 0.380034 69.227 -7.65 -0.191
1495 6 4 0.454944 70.195 -6.584 0.22
1496 6 59 -0.264588 69.545 -8.831 0.479
1497 6 32 -0.194272 69.315 -7.836 -1.506
1498 6 32 -0.164964 69.902 -5.434 -0.379
1499 6 32 -0.164964 70.134 -6.429 1.539
1500 6 32 -0.164964 71.425 -6.951 -0.124
1501 6 4 0.427038 70.716 -9.455 0.053
1502 6 32 -0.168586 71.778 -8.807 0.523
1503 6 32 -0.168586 70.762 -9.469 -1.274
1504 6 4 0.401352 70.714 -10.858 0.56
1505 6 4 0.457691 69.587 -11.61 -0.068
1506 6 32 -0.164877 69.739 -11.614 -1.388
1507 6 32 -0.164877 68.436 -11.025 0.247
1508 6 32 -0.164877 69.584 -12.861 0.377
1509 6 59 -0.251081 71.912 -11.496 0.247
1510 6 4 0.551974 72.035 -12.605 1.076
1511 6 32 -0.157269 70.812 -12.998 1.404
1512 6 32 -0.157269 72.699 -12.263 2.177
1513 6 4 0.667787 72.746 -13.744 0.405
1514 6 32 -0.085106 74.05 -13.485 0.338
1515 6 32 -0.085106 72.549 -14.848 1.122
1516 6 77 -0.00053 72.111 -13.998 -1.225
1517 6 57 -0.46492 72.525 -12.934 -2.047
1518 6 57 -0.46492 70.706 -14.04 -1.17
1519 6 58 -0.051299 72.653 -15.386 -1.864
1520 6 32 -0.191296 70.559 -10.838 1.881
1521 6 27 0.355634 13.698 -16.301 -1.655
1522 6 27 0.355634 32.468 -15.62 -1.002
1523 6 27 0.355634 52.575 -16.277 -1.829
1524 6 27 0.355634 72.012 -16.086 -2.139
