1 315 1 2 8
2 315 2 8 9
3 315 8 9 14
4 315 9 14 15
5 315 14 15 20
6 315 15 20 21
7 315 20 21 26
8 315 21 26 27
9 315 26 27 32
10 315 27 32 33
11 315 32 33 38
12 315 33 38 39
13 315 38 39 44
14 315 39 44 65
15 315 44 65 70
16 315 45 48 49
17 315 65 70 71
18 315 70 71 76
19 315 71 76 77
20 315 76 77 82
21 315 77 82 83
22 315 82 83 88
23 315 83 88 89
24 315 88 89 94
25 315 89 94 95
26 315 94 95 100
27 315 95 100 101
28 315 100 101 106
29 315 101 106 127
30 315 106 127 132
31 315 107 110 111
32 315 127 132 133
33 315 132 133 138
34 315 133 138 139
35 315 138 139 144
36 315 139 144 145
37 315 144 145 150
38 315 145 150 151
39 315 150 151 156
40 315 151 156 157
41 315 156 157 162
42 315 157 162 163
43 315 162 163 168
44 315 163 168 189
45 315 168 189 194
46 315 169 172 173
47 315 189 194 195
48 315 194 195 200
49 315 195 200 201
50 315 200 201 206
51 315 201 206 207
52 315 206 207 212
53 315 207 212 213
54 315 212 213 218
55 315 213 218 219
56 315 218 219 224
57 315 219 224 225
58 315 231 234 235
59 315 255 256 262
60 315 256 262 263
61 315 262 263 268
62 315 263 268 269
63 315 268 269 274
64 315 269 274 275
65 315 274 275 280
66 315 275 280 281
67 315 280 281 286
68 315 281 286 287
69 315 286 287 292
70 315 287 292 293
71 315 292 293 298
72 315 293 298 319
73 315 298 319 324
74 315 299 302 303
75 315 319 324 325
76 315 324 325 330
77 315 325 330 331
78 315 330 331 336
79 315 331 336 337
80 315 336 337 342
81 315 337 342 343
82 315 342 343 348
83 315 343 348 349
84 315 348 349 354
85 315 349 354 355
86 315 354 355 360
87 315 355 360 381
88 315 360 381 386
89 315 361 364 365
90 315 381 386 387
91 315 386 387 392
92 315 387 392 393
93 315 392 393 398
94 315 393 398 399
95 315 398 399 404
96 315 399 404 405
97 315 404 405 410
98 315 405 410 411
99 315 410 411 416
100 315 411 416 417
101 315 416 417 422
102 315 417 422 443
103 315 422 443 448
104 315 423 426 427
105 315 443 448 449
106 315 448 449 454
107 315 449 454 455
108 315 454 455 460
109 315 455 460 461
110 315 460 461 466
111 315 461 466 467
112 315 466 467 472
113 315 467 472 473
114 315 472 473 478
115 315 473 478 479
116 315 485 488 489
117 315 509 510 516
118 315 510 516 517
119 315 516 517 522
120 315 517 522 523
121 315 522 523 528
122 315 523 528 529
123 315 528 529 534
124 315 529 534 535
125 315 534 535 540
126 315 535 540 541
127 315 540 541 546
128 315 541 546 547
129 315 546 547 552
130 315 547 552 573
131 315 552 573 578
132 315 553 556 557
133 315 573 578 579
134 315 578 579 584
135 315 579 584 585
136 315 584 585 590
137 315 585 590 591
138 315 590 591 596
139 315 591 596 597
140 315 596 597 602
141 315 597 602 603
142 315 602 603 608
143 315 603 608 609
144 315 608 609 614
145 315 609 614 635
146 315 614 635 640
147 315 615 618 619
148 315 635 640 641
149 315 640 641 646
150 315 641 646 647
151 315 646 647 652
152 315 647 652 653
153 315 652 653 658
154 315 653 658 659
155 315 658 659 664
156 315 659 664 665
157 315 664 665 670
158 315 665 670 671
159 315 670 671 676
160 315 671 676 697
161 315 676 697 702
162 315 677 680 681
163 315 697 702 703
164 315 702 703 708
165 315 703 708 709
166 315 708 709 714
167 315 709 714 715
168 315 714 715 720
169 315 715 720 721
170 315 720 721 726
171 315 721 726 727
172 315 726 727 732
173 315 727 732 733
174 315 739 742 743
175 315 763 764 770
176 315 764 770 771
177 315 770 771 776
178 315 771 776 777
179 315 776 777 782
180 315 777 782 783
181 315 782 783 788
182 315 783 788 789
183 315 788 789 794
184 315 789 794 795
185 315 794 795 800
186 315 795 800 801
187 315 800 801 806
188 315 801 806 827
189 315 806 827 832
190 315 807 810 811
191 315 827 832 833
192 315 832 833 838
193 315 833 838 839
194 315 838 839 844
195 315 839 844 845
196 315 844 845 850
197 315 845 850 851
198 315 850 851 856
199 315 851 856 857
200 315 856 857 862
201 315 857 862 863
202 315 862 863 868
203 315 863 868 889
204 315 868 889 894
205 315 869 872 873
206 315 889 894 895
207 315 894 895 900
208 315 895 900 901
209 315 900 901 906
210 315 901 906 907
211 315 906 907 912
212 315 907 912 913
213 315 912 913 918
214 315 913 918 919
215 315 918 919 924
216 315 919 924 925
217 315 924 925 930
218 315 925 930 951
219 315 930 951 956
220 315 931 934 935
221 315 951 956 957
222 315 956 957 962
223 315 957 962 963
224 315 962 963 968
225 315 963 968 969
226 315 968 969 974
227 315 969 974 975
228 315 974 975 980
229 315 975 980 981
230 315 980 981 986
231 315 981 986 987
232 315 993 996 997
233 315 1017 1018 1024
234 315 1018 1024 1025
235 315 1024 1025 1030
236 315 1025 1030 1031
237 315 1030 1031 1036
238 315 1031 1036 1037
239 315 1036 1037 1042
240 315 1037 1042 1043
241 315 1042 1043 1048
242 315 1043 1048 1049
243 315 1048 1049 1054
244 315 1049 1054 1055
245 315 1054 1055 1060
246 315 1055 1060 1081
247 315 1060 1081 1086
248 315 1061 1064 1065
249 315 1081 1086 1087
250 315 1086 1087 1092
251 315 1087 1092 1093
252 315 1092 1093 1098
253 315 1093 1098 1099
254 315 1098 1099 1104
255 315 1099 1104 1105
256 315 1104 1105 1110
257 315 1105 1110 1111
258 315 1110 1111 1116
259 315 1111 1116 1117
260 315 1116 1117 1122
261 315 1117 1122 1143
262 315 1122 1143 1148
263 315 1123 1126 1127
264 315 1143 1148 1149
265 315 1148 1149 1154
266 315 1149 1154 1155
267 315 1154 1155 1160
268 315 1155 1160 1161
269 315 1160 1161 1166
270 315 1161 1166 1167
271 315 1166 1167 1172
272 315 1167 1172 1173
273 315 1172 1173 1178
274 315 1173 1178 1179
275 315 1178 1179 1184
276 315 1179 1184 1205
277 315 1184 1205 1210
278 315 1185 1188 1189
279 315 1205 1210 1211
280 315 1210 1211 1216
281 315 1211 1216 1217
282 315 1216 1217 1222
283 315 1217 1222 1223
284 315 1222 1223 1228
285 315 1223 1228 1229
286 315 1228 1229 1234
287 315 1229 1234 1235
288 315 1234 1235 1240
289 315 1235 1240 1241
290 315 1247 1250 1251
291 315 1271 1272 1278
292 315 1272 1278 1279
293 315 1278 1279 1284
294 315 1279 1284 1285
295 315 1284 1285 1290
296 315 1285 1290 1291
297 315 1290 1291 1296
298 315 1291 1296 1297
299 315 1296 1297 1302
300 315 1297 1302 1303
301 315 1302 1303 1308
302 315 1303 1308 1309
303 315 1308 1309 1314
304 315 1309 1314 1335
305 315 1314 1335 1340
306 315 1315 1318 1319
307 315 1335 1340 1341
308 315 1340 1341 1346
309 315 1341 1346 1347
310 315 1346 1347 1352
311 315 1347 1352 1353
312 315 1352 1353 1358
313 315 1353 1358 1359
314 315 1358 1359 1364
315 315 1359 1364 1365
316 315 1364 1365 1370
317 315 1365 1370 1371
318 315 1370 1371 1376
319 315 1371 1376 1397
320 315 1376 1397 1402
321 315 1377 1380 1381
322 315 1397 1402 1403
323 315 1402 1403 1408
324 315 1403 1408 1409
325 315 1408 1409 1414
326 315 1409 1414 1415
327 315 1414 1415 1420
328 315 1415 1420 1421
329 315 1420 1421 1426
330 315 1421 1426 1427
331 315 1426 1427 1432
332 315 1427 1432 1433
333 315 1432 1433 1438
334 315 1433 1438 1459
335 315 1438 1459 1464
336 315 1439 1442 1443
337 315 1459 1464 1465
338 315 1464 1465 1470
339 315 1465 1470 1471
340 315 1470 1471 1476
341 315 1471 1476 1477
342 315 1476 1477 1482
343 315 1477 1482 1483
344 315 1482 1483 1488
345 315 1483 1488 1489
346 315 1488 1489 1494
347 315 1489 1494 1495
348 315 1501 1504 1505
349 324 1 2 6
350 324 1 2 7
351 324 2 1 3
352 324 2 1 4
353 324 2 1 5
354 324 2 8 10
355 324 2 8 11
356 324 6 2 8
357 324 7 2 8
358 324 8 9 12
359 324 8 9 13
360 324 9 8 10
361 324 9 8 11
362 324 9 14 16
363 324 9 14 17
364 324 12 9 14
365 324 13 9 14
366 324 14 15 18
367 324 14 15 19
368 324 15 14 16
369 324 15 14 17
370 324 15 20 22
371 324 15 20 23
372 324 18 15 20
373 324 19 15 20
374 324 20 21 24
375 324 20 21 25
376 324 21 20 22
377 324 21 20 23
378 324 21 26 28
379 324 21 26 29
380 324 24 21 26
381 324 25 21 26
382 324 26 27 30
383 324 26 27 31
384 324 27 26 28
385 324 27 26 29
386 324 27 32 34
387 324 27 32 35
388 324 30 27 32
389 324 31 27 32
390 324 32 33 36
391 324 32 33 37
392 324 33 32 34
393 324 33 32 35
394 324 33 38 41
395 324 36 33 38
396 324 37 33 38
397 324 38 39 42
398 324 38 39 43
399 324 39 38 41
400 324 39 44 66
401 324 39 44 67
402 324 42 39 44
403 324 43 39 44
404 324 44 65 68
405 324 44 65 69
406 324 45 48 64
407 324 46 45 48
408 324 47 45 48
409 324 48 49 50
410 324 48 49 51
411 324 48 49 52
412 324 49 48 64
413 324 54 57 58
414 324 54 57 59
415 324 55 54 57
416 324 56 54 57
417 324 65 44 66
418 324 65 44 67
419 324 65 70 72
420 324 65 70 73
421 324 68 65 70
422 324 69 65 70
423 324 70 71 74
424 324 70 71 75
425 324 71 70 72
426 324 71 70 73
427 324 71 76 78
428 324 71 76 79
429 324 74 71 76
430 324 75 71 76
431 324 76 77 80
432 324 76 77 81
433 324 77 76 78
434 324 77 76 79
435 324 77 82 84
436 324 77 82 85
437 324 80 77 82
438 324 81 77 82
439 324 82 83 86
440 324 82 83 87
441 324 83 82 84
442 324 83 82 85
443 324 83 88 90
444 324 83 88 91
445 324 86 83 88
446 324 87 83 88
447 324 88 89 92
448 324 88 89 93
449 324 89 88 90
450 324 89 88 91
451 324 89 94 96
452 324 89 94 97
453 324 92 89 94
454 324 93 89 94
455 324 94 95 98
456 324 94 95 99
457 324 95 94 96
458 324 95 94 97
459 324 95 100 103
460 324 98 95 100
461 324 99 95 100
462 324 100 101 104
463 324 100 101 105
464 324 101 100 103
465 324 101 106 128
466 324 101 106 129
467 324 104 101 106
468 324 105 101 106
469 324 106 127 130
470 324 106 127 131
471 324 107 110 126
472 324 108 107 110
473 324 109 107 110
474 324 110 111 112
475 324 110 111 113
476 324 110 111 114
477 324 111 110 126
478 324 116 119 120
479 324 116 119 121
480 324 117 116 119
481 324 118 116 119
482 324 127 106 128
483 324 127 106 129
484 324 127 132 134
485 324 127 132 135
486 324 130 127 132
487 324 131 127 132
488 324 132 133 136
489 324 132 133 137
490 324 133 132 134
491 324 133 132 135
492 324 133 138 140
493 324 133 138 141
494 324 136 133 138
495 324 137 133 138
496 324 138 139 142
497 324 138 139 143
498 324 139 138 140
499 324 139 138 141
500 324 139 144 146
501 324 139 144 147
502 324 142 139 144
503 324 143 139 144
504 324 144 145 148
505 324 144 145 149
506 324 145 144 146
507 324 145 144 147
508 324 145 150 152
509 324 145 150 153
510 324 148 145 150
511 324 149 145 150
512 324 150 151 154
513 324 150 151 155
514 324 151 150 152
515 324 151 150 153
516 324 151 156 158
517 324 151 156 159
518 324 154 151 156
519 324 155 151 156
520 324 156 157 160
521 324 156 157 161
522 324 157 156 158
523 324 157 156 159
524 324 157 162 165
525 324 160 157 162
526 324 161 157 162
527 324 162 163 166
528 324 162 163 167
529 324 163 162 165
530 324 163 168 190
531 324 163 168 191
532 324 166 163 168
533 324 167 163 168
534 324 168 189 192
535 324 168 189 193
536 324 169 172 188
537 324 170 169 172
538 324 171 169 172
539 324 172 173 174
540 324 172 173 175
541 324 172 173 176
542 324 173 172 188
543 324 178 181 182
544 324 178 181 183
545 324 179 178 181
546 324 180 178 181
547 324 189 168 190
548 324 189 168 191
549 324 189 194 196
550 324 189 194 197
551 324 192 189 194
552 324 193 189 194
553 324 194 195 198
554 324 194 195 199
555 324 195 194 196
556 324 195 194 197
557 324 195 200 202
558 324 195 200 203
559 324 198 195 200
560 324 199 195 200
561 324 200 201 204
562 324 200 201 205
563 324 201 200 202
564 324 201 200 203
565 324 201 206 208
566 324 201 206 209
567 324 204 201 206
568 324 205 201 206
569 324 206 207 210
570 324 206 207 211
571 324 207 206 208
572 324 207 206 209
573 324 207 212 214
574 324 207 212 215
575 324 210 207 212
576 324 211 207 212
577 324 212 213 216
578 324 212 213 217
579 324 213 212 214
580 324 213 212 215
581 324 213 218 220
582 324 213 218 221
583 324 216 213 218
584 324 217 213 218
585 324 218 219 222
586 324 218 219 223
587 324 219 218 220
588 324 219 218 221
589 324 219 224 227
590 324 222 219 224
591 324 223 219 224
592 324 224 225 228
593 324 224 225 229
594 324 224 225 230
595 324 225 224 227
596 324 231 234 250
597 324 232 231 234
598 324 233 231 234
599 324 234 235 236
600 324 234 235 237
601 324 234 235 238
602 324 235 234 250
603 324 240 243 244
604 324 240 243 245
605 324 241 240 243
606 324 242 240 243
607 324 255 256 260
608 324 255 256 261
609 324 256 255 257
610 324 256 255 258
611 324 256 255 259
612 324 256 262 264
613 324 256 262 265
614 324 260 256 262
615 324 261 256 262
616 324 262 263 266
617 324 262 263 267
618 324 263 262 264
619 324 263 262 265
620 324 263 268 270
621 324 263 268 271
622 324 266 263 268
623 324 267 263 268
624 324 268 269 272
625 324 268 269 273
626 324 269 268 270
627 324 269 268 271
628 324 269 274 276
629 324 269 274 277
630 324 272 269 274
631 324 273 269 274
632 324 274 275 278
633 324 274 275 279
634 324 275 274 276
635 324 275 274 277
636 324 275 280 282
637 324 275 280 283
638 324 278 275 280
639 324 279 275 280
640 324 280 281 284
641 324 280 281 285
642 324 281 280 282
643 324 281 280 283
644 324 281 286 288
645 324 281 286 289
646 324 284 281 286
647 324 285 281 286
648 324 286 287 290
649 324 286 287 291
650 324 287 286 288
651 324 287 286 289
652 324 287 292 295
653 324 290 287 292
654 324 291 287 292
655 324 292 293 296
656 324 292 293 297
657 324 293 292 295
658 324 293 298 320
659 324 293 298 321
660 324 296 293 298
661 324 297 293 298
662 324 298 319 322
663 324 298 319 323
664 324 299 302 318
665 324 300 299 302
666 324 301 299 302
667 324 302 303 304
668 324 302 303 305
669 324 302 303 306
670 324 303 302 318
671 324 308 311 312
672 324 308 311 313
673 324 309 308 311
674 324 310 308 311
675 324 319 298 320
676 324 319 298 321
677 324 319 324 326
678 324 319 324 327
679 324 322 319 324
680 324 323 319 324
681 324 324 325 328
682 324 324 325 329
683 324 325 324 326
684 324 325 324 327
685 324 325 330 332
686 324 325 330 333
687 324 328 325 330
688 324 329 325 330
689 324 330 331 334
690 324 330 331 335
691 324 331 330 332
692 324 331 330 333
693 324 331 336 338
694 324 331 336 339
695 324 334 331 336
696 324 335 331 336
697 324 336 337 340
698 324 336 337 341
699 324 337 336 338
700 324 337 336 339
701 324 337 342 344
702 324 337 342 345
703 324 340 337 342
704 324 341 337 342
705 324 342 343 346
706 324 342 343 347
707 324 343 342 344
708 324 343 342 345
709 324 343 348 350
710 324 343 348 351
711 324 346 343 348
712 324 347 343 348
713 324 348 349 352
714 324 348 349 353
715 324 349 348 350
716 324 349 348 351
717 324 349 354 357
718 324 352 349 354
719 324 353 349 354
720 324 354 355 358
721 324 354 355 359
722 324 355 354 357
723 324 355 360 382
724 324 355 360 383
725 324 358 355 360
726 324 359 355 360
727 324 360 381 384
728 324 360 381 385
729 324 361 364 380
730 324 362 361 364
731 324 363 361 364
732 324 364 365 366
733 324 364 365 367
734 324 364 365 368
735 324 365 364 380
736 324 370 373 374
737 324 370 373 375
738 324 371 370 373
739 324 372 370 373
740 324 381 360 382
741 324 381 360 383
742 324 381 386 388
743 324 381 386 389
744 324 384 381 386
745 324 385 381 386
746 324 386 387 390
747 324 386 387 391
748 324 387 386 388
749 324 387 386 389
750 324 387 392 394
751 324 387 392 395
752 324 390 387 392
753 324 391 387 392
754 324 392 393 396
755 324 392 393 397
756 324 393 392 394
757 324 393 392 395
758 324 393 398 400
759 324 393 398 401
760 324 396 393 398
761 324 397 393 398
762 324 398 399 402
763 324 398 399 403
764 324 399 398 400
765 324 399 398 401
766 324 399 404 406
767 324 399 404 407
768 324 402 399 404
769 324 403 399 404
770 324 404 405 408
771 324 404 405 409
772 324 405 404 406
773 324 405 404 407
774 324 405 410 412
775 324 405 410 413
776 324 408 405 410
777 324 409 405 410
778 324 410 411 414
779 324 410 411 415
780 324 411 410 412
781 324 411 410 413
782 324 411 416 419
783 324 414 411 416
784 324 415 411 416
785 324 416 417 420
786 324 416 417 421
787 324 417 416 419
788 324 417 422 444
789 324 417 422 445
790 324 420 417 422
791 324 421 417 422
792 324 422 443 446
793 324 422 443 447
794 324 423 426 442
795 324 424 423 426
796 324 425 423 426
797 324 426 427 428
798 324 426 427 429
799 324 426 427 430
800 324 427 426 442
801 324 432 435 436
802 324 432 435 437
803 324 433 432 435
804 324 434 432 435
805 324 443 422 444
806 324 443 422 445
807 324 443 448 450
808 324 443 448 451
809 324 446 443 448
810 324 447 443 448
811 324 448 449 452
812 324 448 449 453
813 324 449 448 450
814 324 449 448 451
815 324 449 454 456
816 324 449 454 457
817 324 452 449 454
818 324 453 449 454
819 324 454 455 458
820 324 454 455 459
821 324 455 454 456
822 324 455 454 457
823 324 455 460 462
824 324 455 460 463
825 324 458 455 460
826 324 459 455 460
827 324 460 461 464
828 324 460 461 465
829 324 461 460 462
830 324 461 460 463
831 324 461 466 468
832 324 461 466 469
833 324 464 461 466
834 324 465 461 466
835 324 466 467 470
836 324 466 467 471
837 324 467 466 468
838 324 467 466 469
839 324 467 472 474
840 324 467 472 475
841 324 470 467 472
842 324 471 467 472
843 324 472 473 476
844 324 472 473 477
845 324 473 472 474
846 324 473 472 475
847 324 473 478 481
848 324 476 473 478
849 324 477 473 478
850 324 478 479 482
851 324 478 479 483
852 324 478 479 484
853 324 479 478 481
854 324 485 488 504
855 324 486 485 488
856 324 487 485 488
857 324 488 489 490
858 324 488 489 491
859 324 488 489 492
860 324 489 488 504
861 324 494 497 498
862 324 494 497 499
863 324 495 494 497
864 324 496 494 497
865 324 509 510 514
866 324 509 510 515
867 324 510 509 511
868 324 510 509 512
869 324 510 509 513
870 324 510 516 518
871 324 510 516 519
872 324 514 510 516
873 324 515 510 516
874 324 516 517 520
875 324 516 517 521
876 324 517 516 518
877 324 517 516 519
878 324 517 522 524
879 324 517 522 525
880 324 520 517 522
881 324 521 517 522
882 324 522 523 526
883 324 522 523 527
884 324 523 522 524
885 324 523 522 525
886 324 523 528 530
887 324 523 528 531
888 324 526 523 528
889 324 527 523 528
890 324 528 529 532
891 324 528 529 533
892 324 529 528 530
893 324 529 528 531
894 324 529 534 536
895 324 529 534 537
896 324 532 529 534
897 324 533 529 534
898 324 534 535 538
899 324 534 535 539
900 324 535 534 536
901 324 535 534 537
902 324 535 540 542
903 324 535 540 543
904 324 538 535 540
905 324 539 535 540
906 324 540 541 544
907 324 540 541 545
908 324 541 540 542
909 324 541 540 543
910 324 541 546 549
911 324 544 541 546
912 324 545 541 546
913 324 546 547 550
914 324 546 547 551
915 324 547 546 549
916 324 547 552 574
917 324 547 552 575
918 324 550 547 552
919 324 551 547 552
920 324 552 573 576
921 324 552 573 577
922 324 553 556 572
923 324 554 553 556
924 324 555 553 556
925 324 556 557 558
926 324 556 557 559
927 324 556 557 560
928 324 557 556 572
929 324 562 565 566
930 324 562 565 567
931 324 563 562 565
932 324 564 562 565
933 324 573 552 574
934 324 573 552 575
935 324 573 578 580
936 324 573 578 581
937 324 576 573 578
938 324 577 573 578
939 324 578 579 582
940 324 578 579 583
941 324 579 578 580
942 324 579 578 581
943 324 579 584 586
944 324 579 584 587
945 324 582 579 584
946 324 583 579 584
947 324 584 585 588
948 324 584 585 589
949 324 585 584 586
950 324 585 584 587
951 324 585 590 592
952 324 585 590 593
953 324 588 585 590
954 324 589 585 590
955 324 590 591 594
956 324 590 591 595
957 324 591 590 592
958 324 591 590 593
959 324 591 596 598
960 324 591 596 599
961 324 594 591 596
962 324 595 591 596
963 324 596 597 600
964 324 596 597 601
965 324 597 596 598
966 324 597 596 599
967 324 597 602 604
968 324 597 602 605
969 324 600 597 602
970 324 601 597 602
971 324 602 603 606
972 324 602 603 607
973 324 603 602 604
974 324 603 602 605
975 324 603 608 611
976 324 606 603 608
977 324 607 603 608
978 324 608 609 612
979 324 608 609 613
980 324 609 608 611
981 324 609 614 636
982 324 609 614 637
983 324 612 609 614
984 324 613 609 614
985 324 614 635 638
986 324 614 635 639
987 324 615 618 634
988 324 616 615 618
989 324 617 615 618
990 324 618 619 620
991 324 618 619 621
992 324 618 619 622
993 324 619 618 634
994 324 624 627 628
995 324 624 627 629
996 324 625 624 627
997 324 626 624 627
998 324 635 614 636
999 324 635 614 637
1000 324 635 640 642
1001 324 635 640 643
1002 324 638 635 640
1003 324 639 635 640
1004 324 640 641 644
1005 324 640 641 645
1006 324 641 640 642
1007 324 641 640 643
1008 324 641 646 648
1009 324 641 646 649
1010 324 644 641 646
1011 324 645 641 646
1012 324 646 647 650
1013 324 646 647 651
1014 324 647 646 648
1015 324 647 646 649
1016 324 647 652 654
1017 324 647 652 655
1018 324 650 647 652
1019 324 651 647 652
1020 324 652 653 656
1021 324 652 653 657
1022 324 653 652 654
1023 324 653 652 655
1024 324 653 658 660
1025 324 653 658 661
1026 324 656 653 658
1027 324 657 653 658
1028 324 658 659 662
1029 324 658 659 663
1030 324 659 658 660
1031 324 659 658 661
1032 324 659 664 666
1033 324 659 664 667
1034 324 662 659 664
1035 324 663 659 664
1036 324 664 665 668
1037 324 664 665 669
1038 324 665 664 666
1039 324 665 664 667
1040 324 665 670 673
1041 324 668 665 670
1042 324 669 665 670
1043 324 670 671 674
1044 324 670 671 675
1045 324 671 670 673
1046 324 671 676 698
1047 324 671 676 699
1048 324 674 671 676
1049 324 675 671 676
1050 324 676 697 700
1051 324 676 697 701
1052 324 677 680 696
1053 324 678 677 680
1054 324 679 677 680
1055 324 680 681 682
1056 324 680 681 683
1057 324 680 681 684
1058 324 681 680 696
1059 324 686 689 690
1060 324 686 689 691
1061 324 687 686 689
1062 324 688 686 689
1063 324 697 676 698
1064 324 697 676 699
1065 324 697 702 704
1066 324 697 702 705
1067 324 700 697 702
1068 324 701 697 702
1069 324 702 703 706
1070 324 702 703 707
1071 324 703 702 704
1072 324 703 702 705
1073 324 703 708 710
1074 324 703 708 711
1075 324 706 703 708
1076 324 707 703 708
1077 324 708 709 712
1078 324 708 709 713
1079 324 709 708 710
1080 324 709 708 711
1081 324 709 714 716
1082 324 709 714 717
1083 324 712 709 714
1084 324 713 709 714
1085 324 714 715 718
1086 324 714 715 719
1087 324 715 714 716
1088 324 715 714 717
1089 324 715 720 722
1090 324 715 720 723
1091 324 718 715 720
1092 324 719 715 720
1093 324 720 721 724
1094 324 720 721 725
1095 324 721 720 722
1096 324 721 720 723
1097 324 721 726 728
1098 324 721 726 729
1099 324 724 721 726
1100 324 725 721 726
1101 324 726 727 730
1102 324 726 727 731
1103 324 727 726 728
1104 324 727 726 729
1105 324 727 732 735
1106 324 730 727 732
1107 324 731 727 732
1108 324 732 733 736
1109 324 732 733 737
1110 324 732 733 738
1111 324 733 732 735
1112 324 739 742 758
1113 324 740 739 742
1114 324 741 739 742
1115 324 742 743 744
1116 324 742 743 745
1117 324 742 743 746
1118 324 743 742 758
1119 324 748 751 752
1120 324 748 751 753
1121 324 749 748 751
1122 324 750 748 751
1123 324 763 764 768
1124 324 763 764 769
1125 324 764 763 765
1126 324 764 763 766
1127 324 764 763 767
1128 324 764 770 772
1129 324 764 770 773
1130 324 768 764 770
1131 324 769 764 770
1132 324 770 771 774
1133 324 770 771 775
1134 324 771 770 772
1135 324 771 770 773
1136 324 771 776 778
1137 324 771 776 779
1138 324 774 771 776
1139 324 775 771 776
1140 324 776 777 780
1141 324 776 777 781
1142 324 777 776 778
1143 324 777 776 779
1144 324 777 782 784
1145 324 777 782 785
1146 324 780 777 782
1147 324 781 777 782
1148 324 782 783 786
1149 324 782 783 787
1150 324 783 782 784
1151 324 783 782 785
1152 324 783 788 790
1153 324 783 788 791
1154 324 786 783 788
1155 324 787 783 788
1156 324 788 789 792
1157 324 788 789 793
1158 324 789 788 790
1159 324 789 788 791
1160 324 789 794 796
1161 324 789 794 797
1162 324 792 789 794
1163 324 793 789 794
1164 324 794 795 798
1165 324 794 795 799
1166 324 795 794 796
1167 324 795 794 797
1168 324 795 800 803
1169 324 798 795 800
1170 324 799 795 800
1171 324 800 801 804
1172 324 800 801 805
1173 324 801 800 803
1174 324 801 806 828
1175 324 801 806 829
1176 324 804 801 806
1177 324 805 801 806
1178 324 806 827 830
1179 324 806 827 831
1180 324 807 810 826
1181 324 808 807 810
1182 324 809 807 810
1183 324 810 811 812
1184 324 810 811 813
1185 324 810 811 814
1186 324 811 810 826
1187 324 816 819 820
1188 324 816 819 821
1189 324 817 816 819
1190 324 818 816 819
1191 324 827 806 828
1192 324 827 806 829
1193 324 827 832 834
1194 324 827 832 835
1195 324 830 827 832
1196 324 831 827 832
1197 324 832 833 836
1198 324 832 833 837
1199 324 833 832 834
1200 324 833 832 835
1201 324 833 838 840
1202 324 833 838 841
1203 324 836 833 838
1204 324 837 833 838
1205 324 838 839 842
1206 324 838 839 843
1207 324 839 838 840
1208 324 839 838 841
1209 324 839 844 846
1210 324 839 844 847
1211 324 842 839 844
1212 324 843 839 844
1213 324 844 845 848
1214 324 844 845 849
1215 324 845 844 846
1216 324 845 844 847
1217 324 845 850 852
1218 324 845 850 853
1219 324 848 845 850
1220 324 849 845 850
1221 324 850 851 854
1222 324 850 851 855
1223 324 851 850 852
1224 324 851 850 853
1225 324 851 856 858
1226 324 851 856 859
1227 324 854 851 856
1228 324 855 851 856
1229 324 856 857 860
1230 324 856 857 861
1231 324 857 856 858
1232 324 857 856 859
1233 324 857 862 865
1234 324 860 857 862
1235 324 861 857 862
1236 324 862 863 866
1237 324 862 863 867
1238 324 863 862 865
1239 324 863 868 890
1240 324 863 868 891
1241 324 866 863 868
1242 324 867 863 868
1243 324 868 889 892
1244 324 868 889 893
1245 324 869 872 888
1246 324 870 869 872
1247 324 871 869 872
1248 324 872 873 874
1249 324 872 873 875
1250 324 872 873 876
1251 324 873 872 888
1252 324 878 881 882
1253 324 878 881 883
1254 324 879 878 881
1255 324 880 878 881
1256 324 889 868 890
1257 324 889 868 891
1258 324 889 894 896
1259 324 889 894 897
1260 324 892 889 894
1261 324 893 889 894
1262 324 894 895 898
1263 324 894 895 899
1264 324 895 894 896
1265 324 895 894 897
1266 324 895 900 902
1267 324 895 900 903
1268 324 898 895 900
1269 324 899 895 900
1270 324 900 901 904
1271 324 900 901 905
1272 324 901 900 902
1273 324 901 900 903
1274 324 901 906 908
1275 324 901 906 909
1276 324 904 901 906
1277 324 905 901 906
1278 324 906 907 910
1279 324 906 907 911
1280 324 907 906 908
1281 324 907 906 909
1282 324 907 912 914
1283 324 907 912 915
1284 324 910 907 912
1285 324 911 907 912
1286 324 912 913 916
1287 324 912 913 917
1288 324 913 912 914
1289 324 913 912 915
1290 324 913 918 920
1291 324 913 918 921
1292 324 916 913 918
1293 324 917 913 918
1294 324 918 919 922
1295 324 918 919 923
1296 324 919 918 920
1297 324 919 918 921
1298 324 919 924 927
1299 324 922 919 924
1300 324 923 919 924
1301 324 924 925 928
1302 324 924 925 929
1303 324 925 924 927
1304 324 925 930 952
1305 324 925 930 953
1306 324 928 925 930
1307 324 929 925 930
1308 324 930 951 954
1309 324 930 951 955
1310 324 931 934 950
1311 324 932 931 934
1312 324 933 931 934
1313 324 934 935 936
1314 324 934 935 937
1315 324 934 935 938
1316 324 935 934 950
1317 324 940 943 944
1318 324 940 943 945
1319 324 941 940 943
1320 324 942 940 943
1321 324 951 930 952
1322 324 951 930 953
1323 324 951 956 958
1324 324 951 956 959
1325 324 954 951 956
1326 324 955 951 956
1327 324 956 957 960
1328 324 956 957 961
1329 324 957 956 958
1330 324 957 956 959
1331 324 957 962 964
1332 324 957 962 965
1333 324 960 957 962
1334 324 961 957 962
1335 324 962 963 966
1336 324 962 963 967
1337 324 963 962 964
1338 324 963 962 965
1339 324 963 968 970
1340 324 963 968 971
1341 324 966 963 968
1342 324 967 963 968
1343 324 968 969 972
1344 324 968 969 973
1345 324 969 968 970
1346 324 969 968 971
1347 324 969 974 976
1348 324 969 974 977
1349 324 972 969 974
1350 324 973 969 974
1351 324 974 975 978
1352 324 974 975 979
1353 324 975 974 976
1354 324 975 974 977
1355 324 975 980 982
1356 324 975 980 983
1357 324 978 975 980
1358 324 979 975 980
1359 324 980 981 984
1360 324 980 981 985
1361 324 981 980 982
1362 324 981 980 983
1363 324 981 986 989
1364 324 984 981 986
1365 324 985 981 986
1366 324 986 987 990
1367 324 986 987 991
1368 324 986 987 992
1369 324 987 986 989
1370 324 993 996 1012
1371 324 994 993 996
1372 324 995 993 996
1373 324 996 997 998
1374 324 996 997 999
1375 324 996 997 1000
1376 324 997 996 1012
1377 324 1002 1005 1006
1378 324 1002 1005 1007
1379 324 1003 1002 1005
1380 324 1004 1002 1005
1381 324 1017 1018 1022
1382 324 1017 1018 1023
1383 324 1018 1017 1019
1384 324 1018 1017 1020
1385 324 1018 1017 1021
1386 324 1018 1024 1026
1387 324 1018 1024 1027
1388 324 1022 1018 1024
1389 324 1023 1018 1024
1390 324 1024 1025 1028
1391 324 1024 1025 1029
1392 324 1025 1024 1026
1393 324 1025 1024 1027
1394 324 1025 1030 1032
1395 324 1025 1030 1033
1396 324 1028 1025 1030
1397 324 1029 1025 1030
1398 324 1030 1031 1034
1399 324 1030 1031 1035
1400 324 1031 1030 1032
1401 324 1031 1030 1033
1402 324 1031 1036 1038
1403 324 1031 1036 1039
1404 324 1034 1031 1036
1405 324 1035 1031 1036
1406 324 1036 1037 1040
1407 324 1036 1037 1041
1408 324 1037 1036 1038
1409 324 1037 1036 1039
1410 324 1037 1042 1044
1411 324 1037 1042 1045
1412 324 1040 1037 1042
1413 324 1041 1037 1042
1414 324 1042 1043 1046
1415 324 1042 1043 1047
1416 324 1043 1042 1044
1417 324 1043 1042 1045
1418 324 1043 1048 1050
1419 324 1043 1048 1051
1420 324 1046 1043 1048
1421 324 1047 1043 1048
1422 324 1048 1049 1052
1423 324 1048 1049 1053
1424 324 1049 1048 1050
1425 324 1049 1048 1051
1426 324 1049 1054 1057
1427 324 1052 1049 1054
1428 324 1053 1049 1054
1429 324 1054 1055 1058
1430 324 1054 1055 1059
1431 324 1055 1054 1057
1432 324 1055 1060 1082
1433 324 1055 1060 1083
1434 324 1058 1055 1060
1435 324 1059 1055 1060
1436 324 1060 1081 1084
1437 324 1060 1081 1085
1438 324 1061 1064 1080
1439 324 1062 1061 1064
1440 324 1063 1061 1064
1441 324 1064 1065 1066
1442 324 1064 1065 1067
1443 324 1064 1065 1068
1444 324 1065 1064 1080
1445 324 1070 1073 1074
1446 324 1070 1073 1075
1447 324 1071 1070 1073
1448 324 1072 1070 1073
1449 324 1081 1060 1082
1450 324 1081 1060 1083
1451 324 1081 1086 1088
1452 324 1081 1086 1089
1453 324 1084 1081 1086
1454 324 1085 1081 1086
1455 324 1086 1087 1090
1456 324 1086 1087 1091
1457 324 1087 1086 1088
1458 324 1087 1086 1089
1459 324 1087 1092 1094
1460 324 1087 1092 1095
1461 324 1090 1087 1092
1462 324 1091 1087 1092
1463 324 1092 1093 1096
1464 324 1092 1093 1097
1465 324 1093 1092 1094
1466 324 1093 1092 1095
1467 324 1093 1098 1100
1468 324 1093 1098 1101
1469 324 1096 1093 1098
1470 324 1097 1093 1098
1471 324 1098 1099 1102
1472 324 1098 1099 1103
1473 324 1099 1098 1100
1474 324 1099 1098 1101
1475 324 1099 1104 1106
1476 324 1099 1104 1107
1477 324 1102 1099 1104
1478 324 1103 1099 1104
1479 324 1104 1105 1108
1480 324 1104 1105 1109
1481 324 1105 1104 1106
1482 324 1105 1104 1107
1483 324 1105 1110 1112
1484 324 1105 1110 1113
1485 324 1108 1105 1110
1486 324 1109 1105 1110
1487 324 1110 1111 1114
1488 324 1110 1111 1115
1489 324 1111 1110 1112
1490 324 1111 1110 1113
1491 324 1111 1116 1119
1492 324 1114 1111 1116
1493 324 1115 1111 1116
1494 324 1116 1117 1120
1495 324 1116 1117 1121
1496 324 1117 1116 1119
1497 324 1117 1122 1144
1498 324 1117 1122 1145
1499 324 1120 1117 1122
1500 324 1121 1117 1122
1501 324 1122 1143 1146
1502 324 1122 1143 1147
1503 324 1123 1126 1142
1504 324 1124 1123 1126
1505 324 1125 1123 1126
1506 324 1126 1127 1128
1507 324 1126 1127 1129
1508 324 1126 1127 1130
1509 324 1127 1126 1142
1510 324 1132 1135 1136
1511 324 1132 1135 1137
1512 324 1133 1132 1135
1513 324 1134 1132 1135
1514 324 1143 1122 1144
1515 324 1143 1122 1145
1516 324 1143 1148 1150
1517 324 1143 1148 1151
1518 324 1146 1143 1148
1519 324 1147 1143 1148
1520 324 1148 1149 1152
1521 324 1148 1149 1153
1522 324 1149 1148 1150
1523 324 1149 1148 1151
1524 324 1149 1154 1156
1525 324 1149 1154 1157
1526 324 1152 1149 1154
1527 324 1153 1149 1154
1528 324 1154 1155 1158
1529 324 1154 1155 1159
1530 324 1155 1154 1156
1531 324 1155 1154 1157
1532 324 1155 1160 1162
1533 324 1155 1160 1163
1534 324 1158 1155 1160
1535 324 1159 1155 1160
1536 324 1160 1161 1164
1537 324 1160 1161 1165
1538 324 1161 1160 1162
1539 324 1161 1160 1163
1540 324 1161 1166 1168
1541 324 1161 1166 1169
1542 324 1164 1161 1166
1543 324 1165 1161 1166
1544 324 1166 1167 1170
1545 324 1166 1167 1171
1546 324 1167 1166 1168
1547 324 1167 1166 1169
1548 324 1167 1172 1174
1549 324 1167 1172 1175
1550 324 1170 1167 1172
1551 324 1171 1167 1172
1552 324 1172 1173 1176
1553 324 1172 1173 1177
1554 324 1173 1172 1174
1555 324 1173 1172 1175
1556 324 1173 1178 1181
1557 324 1176 1173 1178
1558 324 1177 1173 1178
1559 324 1178 1179 1182
1560 324 1178 1179 1183
1561 324 1179 1178 1181
1562 324 1179 1184 1206
1563 324 1179 1184 1207
1564 324 1182 1179 1184
1565 324 1183 1179 1184
1566 324 1184 1205 1208
1567 324 1184 1205 1209
1568 324 1185 1188 1204
1569 324 1186 1185 1188
1570 324 1187 1185 1188
1571 324 1188 1189 1190
1572 324 1188 1189 1191
1573 324 1188 1189 1192
1574 324 1189 1188 1204
1575 324 1194 1197 1198
1576 324 1194 1197 1199
1577 324 1195 1194 1197
1578 324 1196 1194 1197
1579 324 1205 1184 1206
1580 324 1205 1184 1207
1581 324 1205 1210 1212
1582 324 1205 1210 1213
1583 324 1208 1205 1210
1584 324 1209 1205 1210
1585 324 1210 1211 1214
1586 324 1210 1211 1215
1587 324 1211 1210 1212
1588 324 1211 1210 1213
1589 324 1211 1216 1218
1590 324 1211 1216 1219
1591 324 1214 1211 1216
1592 324 1215 1211 1216
1593 324 1216 1217 1220
1594 324 1216 1217 1221
1595 324 1217 1216 1218
1596 324 1217 1216 1219
1597 324 1217 1222 1224
1598 324 1217 1222 1225
1599 324 1220 1217 1222
1600 324 1221 1217 1222
1601 324 1222 1223 1226
1602 324 1222 1223 1227
1603 324 1223 1222 1224
1604 324 1223 1222 1225
1605 324 1223 1228 1230
1606 324 1223 1228 1231
1607 324 1226 1223 1228
1608 324 1227 1223 1228
1609 324 1228 1229 1232
1610 324 1228 1229 1233
1611 324 1229 1228 1230
1612 324 1229 1228 1231
1613 324 1229 1234 1236
1614 324 1229 1234 1237
1615 324 1232 1229 1234
1616 324 1233 1229 1234
1617 324 1234 1235 1238
1618 324 1234 1235 1239
1619 324 1235 1234 1236
1620 324 1235 1234 1237
1621 324 1235 1240 1243
1622 324 1238 1235 1240
1623 324 1239 1235 1240
1624 324 1240 1241 1244
1625 324 1240 1241 1245
1626 324 1240 1241 1246
1627 324 1241 1240 1243
1628 324 1247 1250 1266
1629 324 1248 1247 1250
1630 324 1249 1247 1250
1631 324 1250 1251 1252
1632 324 1250 1251 1253
1633 324 1250 1251 1254
1634 324 1251 1250 1266
1635 324 1256 1259 1260
1636 324 1256 1259 1261
1637 324 1257 1256 1259
1638 324 1258 1256 1259
1639 324 1271 1272 1276
1640 324 1271 1272 1277
1641 324 1272 1271 1273
1642 324 1272 1271 1274
1643 324 1272 1271 1275
1644 324 1272 1278 1280
1645 324 1272 1278 1281
1646 324 1276 1272 1278
1647 324 1277 1272 1278
1648 324 1278 1279 1282
1649 324 1278 1279 1283
1650 324 1279 1278 1280
1651 324 1279 1278 1281
1652 324 1279 1284 1286
1653 324 1279 1284 1287
1654 324 1282 1279 1284
1655 324 1283 1279 1284
1656 324 1284 1285 1288
1657 324 1284 1285 1289
1658 324 1285 1284 1286
1659 324 1285 1284 1287
1660 324 1285 1290 1292
1661 324 1285 1290 1293
1662 324 1288 1285 1290
1663 324 1289 1285 1290
1664 324 1290 1291 1294
1665 324 1290 1291 1295
1666 324 1291 1290 1292
1667 324 1291 1290 1293
1668 324 1291 1296 1298
1669 324 1291 1296 1299
1670 324 1294 1291 1296
1671 324 1295 1291 1296
1672 324 1296 1297 1300
1673 324 1296 1297 1301
1674 324 1297 1296 1298
1675 324 1297 1296 1299
1676 324 1297 1302 1304
1677 324 1297 1302 1305
1678 324 1300 1297 1302
1679 324 1301 1297 1302
1680 324 1302 1303 1306
1681 324 1302 1303 1307
1682 324 1303 1302 1304
1683 324 1303 1302 1305
1684 324 1303 1308 1311
1685 324 1306 1303 1308
1686 324 1307 1303 1308
1687 324 1308 1309 1312
1688 324 1308 1309 1313
1689 324 1309 1308 1311
1690 324 1309 1314 1336
1691 324 1309 1314 1337
1692 324 1312 1309 1314
1693 324 1313 1309 1314
1694 324 1314 1335 1338
1695 324 1314 1335 1339
1696 324 1315 1318 1334
1697 324 1316 1315 1318
1698 324 1317 1315 1318
1699 324 1318 1319 1320
1700 324 1318 1319 1321
1701 324 1318 1319 1322
1702 324 1319 1318 1334
1703 324 1324 1327 1328
1704 324 1324 1327 1329
1705 324 1325 1324 1327
1706 324 1326 1324 1327
1707 324 1335 1314 1336
1708 324 1335 1314 1337
1709 324 1335 1340 1342
1710 324 1335 1340 1343
1711 324 1338 1335 1340
1712 324 1339 1335 1340
1713 324 1340 1341 1344
1714 324 1340 1341 1345
1715 324 1341 1340 1342
1716 324 1341 1340 1343
1717 324 1341 1346 1348
1718 324 1341 1346 1349
1719 324 1344 1341 1346
1720 324 1345 1341 1346
1721 324 1346 1347 1350
1722 324 1346 1347 1351
1723 324 1347 1346 1348
1724 324 1347 1346 1349
1725 324 1347 1352 1354
1726 324 1347 1352 1355
1727 324 1350 1347 1352
1728 324 1351 1347 1352
1729 324 1352 1353 1356
1730 324 1352 1353 1357
1731 324 1353 1352 1354
1732 324 1353 1352 1355
1733 324 1353 1358 1360
1734 324 1353 1358 1361
1735 324 1356 1353 1358
1736 324 1357 1353 1358
1737 324 1358 1359 1362
1738 324 1358 1359 1363
1739 324 1359 1358 1360
1740 324 1359 1358 1361
1741 324 1359 1364 1366
1742 324 1359 1364 1367
1743 324 1362 1359 1364
1744 324 1363 1359 1364
1745 324 1364 1365 1368
1746 324 1364 1365 1369
1747 324 1365 1364 1366
1748 324 1365 1364 1367
1749 324 1365 1370 1373
1750 324 1368 1365 1370
1751 324 1369 1365 1370
1752 324 1370 1371 1374
1753 324 1370 1371 1375
1754 324 1371 1370 1373
1755 324 1371 1376 1398
1756 324 1371 1376 1399
1757 324 1374 1371 1376
1758 324 1375 1371 1376
1759 324 1376 1397 1400
1760 324 1376 1397 1401
1761 324 1377 1380 1396
1762 324 1378 1377 1380
1763 324 1379 1377 1380
1764 324 1380 1381 1382
1765 324 1380 1381 1383
1766 324 1380 1381 1384
1767 324 1381 1380 1396
1768 324 1386 1389 1390
1769 324 1386 1389 1391
1770 324 1387 1386 1389
1771 324 1388 1386 1389
1772 324 1397 1376 1398
1773 324 1397 1376 1399
1774 324 1397 1402 1404
1775 324 1397 1402 1405
1776 324 1400 1397 1402
1777 324 1401 1397 1402
1778 324 1402 1403 1406
1779 324 1402 1403 1407
1780 324 1403 1402 1404
1781 324 1403 1402 1405
1782 324 1403 1408 1410
1783 324 1403 1408 1411
1784 324 1406 1403 1408
1785 324 1407 1403 1408
1786 324 1408 1409 1412
1787 324 1408 1409 1413
1788 324 1409 1408 1410
1789 324 1409 1408 1411
1790 324 1409 1414 1416
1791 324 1409 1414 1417
1792 324 1412 1409 1414
1793 324 1413 1409 1414
1794 324 1414 1415 1418
1795 324 1414 1415 1419
1796 324 1415 1414 1416
1797 324 1415 1414 1417
1798 324 1415 1420 1422
1799 324 1415 1420 1423
1800 324 1418 1415 1420
1801 324 1419 1415 1420
1802 324 1420 1421 1424
1803 324 1420 1421 1425
1804 324 1421 1420 1422
1805 324 1421 1420 1423
1806 324 1421 1426 1428
1807 324 1421 1426 1429
1808 324 1424 1421 1426
1809 324 1425 1421 1426
1810 324 1426 1427 1430
1811 324 1426 1427 1431
1812 324 1427 1426 1428
1813 324 1427 1426 1429
1814 324 1427 1432 1435
1815 324 1430 1427 1432
1816 324 1431 1427 1432
1817 324 1432 1433 1436
1818 324 1432 1433 1437
1819 324 1433 1432 1435
1820 324 1433 1438 1460
1821 324 1433 1438 1461
1822 324 1436 1433 1438
1823 324 1437 1433 1438
1824 324 1438 1459 1462
1825 324 1438 1459 1463
1826 324 1439 1442 1458
1827 324 1440 1439 1442
1828 324 1441 1439 1442
1829 324 1442 1443 1444
1830 324 1442 1443 1445
1831 324 1442 1443 1446
1832 324 1443 1442 1458
1833 324 1448 1451 1452
1834 324 1448 1451 1453
1835 324 1449 1448 1451
1836 324 1450 1448 1451
1837 324 1459 1438 1460
1838 324 1459 1438 1461
1839 324 1459 1464 1466
1840 324 1459 1464 1467
1841 324 1462 1459 1464
1842 324 1463 1459 1464
1843 324 1464 1465 1468
1844 324 1464 1465 1469
1845 324 1465 1464 1466
1846 324 1465 1464 1467
1847 324 1465 1470 1472
1848 324 1465 1470 1473
1849 324 1468 1465 1470
1850 324 1469 1465 1470
1851 324 1470 1471 1474
1852 324 1470 1471 1475
1853 324 1471 1470 1472
1854 324 1471 1470 1473
1855 324 1471 1476 1478
1856 324 1471 1476 1479
1857 324 1474 1471 1476
1858 324 1475 1471 1476
1859 324 1476 1477 1480
1860 324 1476 1477 1481
1861 324 1477 1476 1478
1862 324 1477 1476 1479
1863 324 1477 1482 1484
1864 324 1477 1482 1485
1865 324 1480 1477 1482
1866 324 1481 1477 1482
1867 324 1482 1483 1486
1868 324 1482 1483 1487
1869 324 1483 1482 1484
1870 324 1483 1482 1485
1871 324 1483 1488 1490
1872 324 1483 1488 1491
1873 324 1486 1483 1488
1874 324 1487 1483 1488
1875 324 1488 1489 1492
1876 324 1488 1489 1493
1877 324 1489 1488 1490
1878 324 1489 1488 1491
1879 324 1489 1494 1497
1880 324 1492 1489 1494
1881 324 1493 1489 1494
1882 324 1494 1495 1498
1883 324 1494 1495 1499
1884 324 1494 1495 1500
1885 324 1495 1494 1497
1886 324 1501 1504 1520
1887 324 1502 1501 1504
1888 324 1503 1501 1504
1889 324 1504 1505 1506
1890 324 1504 1505 1507
1891 324 1504 1505 1508
1892 324 1505 1504 1520
1893 324 1510 1513 1514
1894 324 1510 1513 1515
1895 324 1511 1510 1513
1896 324 1512 1510 1513
1897 340 33 38 40
1898 340 39 38 40
1899 340 45 48 53
1900 340 40 45 48
1901 340 49 48 53
1902 340 53 54 57
1903 340 95 100 102
1904 340 101 100 102
1905 340 107 110 115
1906 340 102 107 110
1907 340 111 110 115
1908 340 115 116 119
1909 340 157 162 164
1910 340 163 162 164
1911 340 169 172 177
1912 340 164 169 172
1913 340 173 172 177
1914 340 177 178 181
1915 340 219 224 226
1916 340 225 224 226
1917 340 231 234 239
1918 340 226 231 234
1919 340 235 234 239
1920 340 239 240 243
1921 340 287 292 294
1922 340 293 292 294
1923 340 299 302 307
1924 340 294 299 302
1925 340 303 302 307
1926 340 307 308 311
1927 340 349 354 356
1928 340 355 354 356
1929 340 361 364 369
1930 340 356 361 364
1931 340 365 364 369
1932 340 369 370 373
1933 340 411 416 418
1934 340 417 416 418
1935 340 423 426 431
1936 340 418 423 426
1937 340 427 426 431
1938 340 431 432 435
1939 340 473 478 480
1940 340 479 478 480
1941 340 485 488 493
1942 340 480 485 488
1943 340 489 488 493
1944 340 493 494 497
1945 340 541 546 548
1946 340 547 546 548
1947 340 553 556 561
1948 340 548 553 556
1949 340 557 556 561
1950 340 561 562 565
1951 340 603 608 610
1952 340 609 608 610
1953 340 615 618 623
1954 340 610 615 618
1955 340 619 618 623
1956 340 623 624 627
1957 340 665 670 672
1958 340 671 670 672
1959 340 677 680 685
1960 340 672 677 680
1961 340 681 680 685
1962 340 685 686 689
1963 340 727 732 734
1964 340 733 732 734
1965 340 739 742 747
1966 340 734 739 742
1967 340 743 742 747
1968 340 747 748 751
1969 340 795 800 802
1970 340 801 800 802
1971 340 807 810 815
1972 340 802 807 810
1973 340 811 810 815
1974 340 815 816 819
1975 340 857 862 864
1976 340 863 862 864
1977 340 869 872 877
1978 340 864 869 872
1979 340 873 872 877
1980 340 877 878 881
1981 340 919 924 926
1982 340 925 924 926
1983 340 931 934 939
1984 340 926 931 934
1985 340 935 934 939
1986 340 939 940 943
1987 340 981 986 988
1988 340 987 986 988
1989 340 993 996 1001
1990 340 988 993 996
1991 340 997 996 1001
1992 340 1001 1002 1005
1993 340 1049 1054 1056
1994 340 1055 1054 1056
1995 340 1061 1064 1069
1996 340 1056 1061 1064
1997 340 1065 1064 1069
1998 340 1069 1070 1073
1999 340 1111 1116 1118
2000 340 1117 1116 1118
2001 340 1123 1126 1131
2002 340 1118 1123 1126
2003 340 1127 1126 1131
2004 340 1131 1132 1135
2005 340 1173 1178 1180
2006 340 1179 1178 1180
2007 340 1185 1188 1193
2008 340 1180 1185 1188
2009 340 1189 1188 1193
2010 340 1193 1194 1197
2011 340 1235 1240 1242
2012 340 1241 1240 1242
2013 340 1247 1250 1255
2014 340 1242 1247 1250
2015 340 1251 1250 1255
2016 340 1255 1256 1259
2017 340 1303 1308 1310
2018 340 1309 1308 1310
2019 340 1315 1318 1323
2020 340 1310 1315 1318
2021 340 1319 1318 1323
2022 340 1323 1324 1327
2023 340 1365 1370 1372
2024 340 1371 1370 1372
2025 340 1377 1380 1385
2026 340 1372 1377 1380
2027 340 1381 1380 1385
2028 340 1385 1386 1389
2029 340 1427 1432 1434
2030 340 1433 1432 1434
2031 340 1439 1442 1447
2032 340 1434 1439 1442
2033 340 1443 1442 1447
2034 340 1447 1448 1451
2035 340 1489 1494 1496
2036 340 1495 1494 1496
2037 340 1501 1504 1509
2038 340 1496 1501 1504
2039 340 1505 1504 1509
2040 340 1509 1510 1513
2041 344 54 57 60
2042 344 116 119 122
2043 344 178 181 184
2044 344 240 243 246
2045 344 308 311 314
2046 344 370 373 376
2047 344 432 435 438
2048 344 494 497 500
2049 344 562 565 568
2050 344 624 627 630
2051 344 686 689 692
2052 344 748 751 754
2053 344 816 819 822
2054 344 878 881 884
2055 344 940 943 946
2056 344 1002 1005 1008
2057 344 1070 1073 1076
2058 344 1132 1135 1138
2059 344 1194 1197 1200
2060 344 1256 1259 1262
2061 344 1324 1327 1330
2062 344 1386 1389 1392
2063 344 1448 1451 1454
2064 344 1510 1513 1516
2065 465 3 1 4
2066 465 3 1 5
2067 465 4 1 5
2068 465 6 2 7
2069 465 10 8 11
2070 465 12 9 13
2071 465 16 14 17
2072 465 18 15 19
2073 465 22 20 23
2074 465 24 21 25
2075 465 28 26 29
2076 465 30 27 31
2077 465 34 32 35
2078 465 36 33 37
2079 465 42 39 43
2080 465 46 45 47
2081 465 50 49 51
2082 465 50 49 52
2083 465 51 49 52
2084 465 55 54 56
2085 465 58 57 59
2086 465 66 44 67
2087 465 68 65 69
2088 465 72 70 73
2089 465 74 71 75
2090 465 78 76 79
2091 465 80 77 81
2092 465 84 82 85
2093 465 86 83 87
2094 465 90 88 91
2095 465 92 89 93
2096 465 96 94 97
2097 465 98 95 99
2098 465 104 101 105
2099 465 108 107 109
2100 465 112 111 113
2101 465 112 111 114
2102 465 113 111 114
2103 465 117 116 118
2104 465 120 119 121
2105 465 128 106 129
2106 465 130 127 131
2107 465 134 132 135
2108 465 136 133 137
2109 465 140 138 141
2110 465 142 139 143
2111 465 146 144 147
2112 465 148 145 149
2113 465 152 150 153
2114 465 154 151 155
2115 465 158 156 159
2116 465 160 157 161
2117 465 166 163 167
2118 465 170 169 171
2119 465 174 173 175
2120 465 174 173 176
2121 465 175 173 176
2122 465 179 178 180
2123 465 182 181 183
2124 465 190 168 191
2125 465 192 189 193
2126 465 196 194 197
2127 465 198 195 199
2128 465 202 200 203
2129 465 204 201 205
2130 465 208 206 209
2131 465 210 207 211
2132 465 214 212 215
2133 465 216 213 217
2134 465 220 218 221
2135 465 222 219 223
2136 465 228 225 229
2137 465 228 225 230
2138 465 229 225 230
2139 465 232 231 233
2140 465 236 235 237
2141 465 236 235 238
2142 465 237 235 238
2143 465 241 240 242
2144 465 244 243 245
2145 465 257 255 258
2146 465 257 255 259
2147 465 258 255 259
2148 465 260 256 261
2149 465 264 262 265
2150 465 266 263 267
2151 465 270 268 271
2152 465 272 269 273
2153 465 276 274 277
2154 465 278 275 279
2155 465 282 280 283
2156 465 284 281 285
2157 465 288 286 289
2158 465 290 287 291
2159 465 296 293 297
2160 465 300 299 301
2161 465 304 303 305
2162 465 304 303 306
2163 465 305 303 306
2164 465 309 308 310
2165 465 312 311 313
2166 465 320 298 321
2167 465 322 319 323
2168 465 326 324 327
2169 465 328 325 329
2170 465 332 330 333
2171 465 334 331 335
2172 465 338 336 339
2173 465 340 337 341
2174 465 344 342 345
2175 465 346 343 347
2176 465 350 348 351
2177 465 352 349 353
2178 465 358 355 359
2179 465 362 361 363
2180 465 366 365 367
2181 465 366 365 368
2182 465 367 365 368
2183 465 371 370 372
2184 465 374 373 375
2185 465 382 360 383
2186 465 384 381 385
2187 465 388 386 389
2188 465 390 387 391
2189 465 394 392 395
2190 465 396 393 397
2191 465 400 398 401
2192 465 402 399 403
2193 465 406 404 407
2194 465 408 405 409
2195 465 412 410 413
2196 465 414 411 415
2197 465 420 417 421
2198 465 424 423 425
2199 465 428 427 429
2200 465 428 427 430
2201 465 429 427 430
2202 465 433 432 434
2203 465 436 435 437
2204 465 444 422 445
2205 465 446 443 447
2206 465 450 448 451
2207 465 452 449 453
2208 465 456 454 457
2209 465 458 455 459
2210 465 462 460 463
2211 465 464 461 465
2212 465 468 466 469
2213 465 470 467 471
2214 465 474 472 475
2215 465 476 473 477
2216 465 482 479 483
2217 465 482 479 484
2218 465 483 479 484
2219 465 486 485 487
2220 465 490 489 491
2221 465 490 489 492
2222 465 491 489 492
2223 465 495 494 496
2224 465 498 497 499
2225 465 511 509 512
2226 465 511 509 513
2227 465 512 509 513
2228 465 514 510 515
2229 465 518 516 519
2230 465 520 517 521
2231 465 524 522 525
2232 465 526 523 527
2233 465 530 528 531
2234 465 532 529 533
2235 465 536 534 537
2236 465 538 535 539
2237 465 542 540 543
2238 465 544 541 545
2239 465 550 547 551
2240 465 554 553 555
2241 465 558 557 559
2242 465 558 557 560
2243 465 559 557 560
2244 465 563 562 564
2245 465 566 565 567
2246 465 574 552 575
2247 465 576 573 577
2248 465 580 578 581
2249 465 582 579 583
2250 465 586 584 587
2251 465 588 585 589
2252 465 592 590 593
2253 465 594 591 595
2254 465 598 596 599
2255 465 600 597 601
2256 465 604 602 605
2257 465 606 603 607
2258 465 612 609 613
2259 465 616 615 617
2260 465 620 619 621
2261 465 620 619 622
2262 465 621 619 622
2263 465 625 624 626
2264 465 628 627 629
2265 465 636 614 637
2266 465 638 635 639
2267 465 642 640 643
2268 465 644 641 645
2269 465 648 646 649
2270 465 650 647 651
2271 465 654 652 655
2272 465 656 653 657
2273 465 660 658 661
2274 465 662 659 663
2275 465 666 664 667
2276 465 668 665 669
2277 465 674 671 675
2278 465 678 677 679
2279 465 682 681 683
2280 465 682 681 684
2281 465 683 681 684
2282 465 687 686 688
2283 465 690 689 691
2284 465 698 676 699
2285 465 700 697 701
2286 465 704 702 705
2287 465 706 703 707
2288 465 710 708 711
2289 465 712 709 713
2290 465 716 714 717
2291 465 718 715 719
2292 465 722 720 723
2293 465 724 721 725
2294 465 728 726 729
2295 465 730 727 731
2296 465 736 733 737
2297 465 736 733 738
2298 465 737 733 738
2299 465 740 739 741
2300 465 744 743 745
2301 465 744 743 746
2302 465 745 743 746
2303 465 749 748 750
2304 465 752 751 753
2305 465 765 763 766
2306 465 765 763 767
2307 465 766 763 767
2308 465 768 764 769
2309 465 772 770 773
2310 465 774 771 775
2311 465 778 776 779
2312 465 780 777 781
2313 465 784 782 785
2314 465 786 783 787
2315 465 790 788 791
2316 465 792 789 793
2317 465 796 794 797
2318 465 798 795 799
2319 465 804 801 805
2320 465 808 807 809
2321 465 812 811 813
2322 465 812 811 814
2323 465 813 811 814
2324 465 817 816 818
2325 465 820 819 821
2326 465 828 806 829
2327 465 830 827 831
2328 465 834 832 835
2329 465 836 833 837
2330 465 840 838 841
2331 465 842 839 843
2332 465 846 844 847
2333 465 848 845 849
2334 465 852 850 853
2335 465 854 851 855
2336 465 858 856 859
2337 465 860 857 861
2338 465 866 863 867
2339 465 870 869 871
2340 465 874 873 875
2341 465 874 873 876
2342 465 875 873 876
2343 465 879 878 880
2344 465 882 881 883
2345 465 890 868 891
2346 465 892 889 893
2347 465 896 894 897
2348 465 898 895 899
2349 465 902 900 903
2350 465 904 901 905
2351 465 908 906 909
2352 465 910 907 911
2353 465 914 912 915
2354 465 916 913 917
2355 465 920 918 921
2356 465 922 919 923
2357 465 928 925 929
2358 465 932 931 933
2359 465 936 935 937
2360 465 936 935 938
2361 465 937 935 938
2362 465 941 940 942
2363 465 944 943 945
2364 465 952 930 953
2365 465 954 951 955
2366 465 958 956 959
2367 465 960 957 961
2368 465 964 962 965
2369 465 966 963 967
2370 465 970 968 971
2371 465 972 969 973
2372 465 976 974 977
2373 465 978 975 979
2374 465 982 980 983
2375 465 984 981 985
2376 465 990 987 991
2377 465 990 987 992
2378 465 991 987 992
2379 465 994 993 995
2380 465 998 997 999
2381 465 998 997 1000
2382 465 999 997 1000
2383 465 1003 1002 1004
2384 465 1006 1005 1007
2385 465 1019 1017 1020
2386 465 1019 1017 1021
2387 465 1020 1017 1021
2388 465 1022 1018 1023
2389 465 1026 1024 1027
2390 465 1028 1025 1029
2391 465 1032 1030 1033
2392 465 1034 1031 1035
2393 465 1038 1036 1039
2394 465 1040 1037 1041
2395 465 1044 1042 1045
2396 465 1046 1043 1047
2397 465 1050 1048 1051
2398 465 1052 1049 1053
2399 465 1058 1055 1059
2400 465 1062 1061 1063
2401 465 1066 1065 1067
2402 465 1066 1065 1068
2403 465 1067 1065 1068
2404 465 1071 1070 1072
2405 465 1074 1073 1075
2406 465 1082 1060 1083
2407 465 1084 1081 1085
2408 465 1088 1086 1089
2409 465 1090 1087 1091
2410 465 1094 1092 1095
2411 465 1096 1093 1097
2412 465 1100 1098 1101
2413 465 1102 1099 1103
2414 465 1106 1104 1107
2415 465 1108 1105 1109
2416 465 1112 1110 1113
2417 465 1114 1111 1115
2418 465 1120 1117 1121
2419 465 1124 1123 1125
2420 465 1128 1127 1129
2421 465 1128 1127 1130
2422 465 1129 1127 1130
2423 465 1133 1132 1134
2424 465 1136 1135 1137
2425 465 1144 1122 1145
2426 465 1146 1143 1147
2427 465 1150 1148 1151
2428 465 1152 1149 1153
2429 465 1156 1154 1157
2430 465 1158 1155 1159
2431 465 1162 1160 1163
2432 465 1164 1161 1165
2433 465 1168 1166 1169
2434 465 1170 1167 1171
2435 465 1174 1172 1175
2436 465 1176 1173 1177
2437 465 1182 1179 1183
2438 465 1186 1185 1187
2439 465 1190 1189 1191
2440 465 1190 1189 1192
2441 465 1191 1189 1192
2442 465 1195 1194 1196
2443 465 1198 1197 1199
2444 465 1206 1184 1207
2445 465 1208 1205 1209
2446 465 1212 1210 1213
2447 465 1214 1211 1215
2448 465 1218 1216 1219
2449 465 1220 1217 1221
2450 465 1224 1222 1225
2451 465 1226 1223 1227
2452 465 1230 1228 1231
2453 465 1232 1229 1233
2454 465 1236 1234 1237
2455 465 1238 1235 1239
2456 465 1244 1241 1245
2457 465 1244 1241 1246
2458 465 1245 1241 1246
2459 465 1248 1247 1249
2460 465 1252 1251 1253
2461 465 1252 1251 1254
2462 465 1253 1251 1254
2463 465 1257 1256 1258
2464 465 1260 1259 1261
2465 465 1273 1271 1274
2466 465 1273 1271 1275
2467 465 1274 1271 1275
2468 465 1276 1272 1277
2469 465 1280 1278 1281
2470 465 1282 1279 1283
2471 465 1286 1284 1287
2472 465 1288 1285 1289
2473 465 1292 1290 1293
2474 465 1294 1291 1295
2475 465 1298 1296 1299
2476 465 1300 1297 1301
2477 465 1304 1302 1305
2478 465 1306 1303 1307
2479 465 1312 1309 1313
2480 465 1316 1315 1317
2481 465 1320 1319 1321
2482 465 1320 1319 1322
2483 465 1321 1319 1322
2484 465 1325 1324 1326
2485 465 1328 1327 1329
2486 465 1336 1314 1337
2487 465 1338 1335 1339
2488 465 1342 1340 1343
2489 465 1344 1341 1345
2490 465 1348 1346 1349
2491 465 1350 1347 1351
2492 465 1354 1352 1355
2493 465 1356 1353 1357
2494 465 1360 1358 1361
2495 465 1362 1359 1363
2496 465 1366 1364 1367
2497 465 1368 1365 1369
2498 465 1374 1371 1375
2499 465 1378 1377 1379
2500 465 1382 1381 1383
2501 465 1382 1381 1384
2502 465 1383 1381 1384
2503 465 1387 1386 1388
2504 465 1390 1389 1391
2505 465 1398 1376 1399
2506 465 1400 1397 1401
2507 465 1404 1402 1405
2508 465 1406 1403 1407
2509 465 1410 1408 1411
2510 465 1412 1409 1413
2511 465 1416 1414 1417
2512 465 1418 1415 1419
2513 465 1422 1420 1423
2514 465 1424 1421 1425
2515 465 1428 1426 1429
2516 465 1430 1427 1431
2517 465 1436 1433 1437
2518 465 1440 1439 1441
2519 465 1444 1443 1445
2520 465 1444 1443 1446
2521 465 1445 1443 1446
2522 465 1449 1448 1450
2523 465 1452 1451 1453
2524 465 1460 1438 1461
2525 465 1462 1459 1463
2526 465 1466 1464 1467
2527 465 1468 1465 1469
2528 465 1472 1470 1473
2529 465 1474 1471 1475
2530 465 1478 1476 1479
2531 465 1480 1477 1481
2532 465 1484 1482 1485
2533 465 1486 1483 1487
2534 465 1490 1488 1491
2535 465 1492 1489 1493
2536 465 1498 1495 1499
2537 465 1498 1495 1500
2538 465 1499 1495 1500
2539 465 1502 1501 1503
2540 465 1506 1505 1507
2541 465 1506 1505 1508
2542 465 1507 1505 1508
2543 465 1511 1510 1512
2544 465 1514 1513 1515
2545 471 40 38 41
2546 471 40 45 46
2547 471 40 45 47
2548 471 53 54 55
2549 471 53 54 56
2550 471 53 48 64
2551 471 102 100 103
2552 471 102 107 108
2553 471 102 107 109
2554 471 115 116 117
2555 471 115 116 118
2556 471 115 110 126
2557 471 164 162 165
2558 471 164 169 170
2559 471 164 169 171
2560 471 177 178 179
2561 471 177 178 180
2562 471 177 172 188
2563 471 226 224 227
2564 471 226 231 232
2565 471 226 231 233
2566 471 239 240 241
2567 471 239 240 242
2568 471 239 234 250
2569 471 294 292 295
2570 471 294 299 300
2571 471 294 299 301
2572 471 307 308 309
2573 471 307 308 310
2574 471 307 302 318
2575 471 356 354 357
2576 471 356 361 362
2577 471 356 361 363
2578 471 369 370 371
2579 471 369 370 372
2580 471 369 364 380
2581 471 418 416 419
2582 471 418 423 424
2583 471 418 423 425
2584 471 431 432 433
2585 471 431 432 434
2586 471 431 426 442
2587 471 480 478 481
2588 471 480 485 486
2589 471 480 485 487
2590 471 493 494 495
2591 471 493 494 496
2592 471 493 488 504
2593 471 548 546 549
2594 471 548 553 554
2595 471 548 553 555
2596 471 561 562 563
2597 471 561 562 564
2598 471 561 556 572
2599 471 610 608 611
2600 471 610 615 616
2601 471 610 615 617
2602 471 623 624 625
2603 471 623 624 626
2604 471 623 618 634
2605 471 672 670 673
2606 471 672 677 678
2607 471 672 677 679
2608 471 685 686 687
2609 471 685 686 688
2610 471 685 680 696
2611 471 734 732 735
2612 471 734 739 740
2613 471 734 739 741
2614 471 747 748 749
2615 471 747 748 750
2616 471 747 742 758
2617 471 802 800 803
2618 471 802 807 808
2619 471 802 807 809
2620 471 815 816 817
2621 471 815 816 818
2622 471 815 810 826
2623 471 864 862 865
2624 471 864 869 870
2625 471 864 869 871
2626 471 877 878 879
2627 471 877 878 880
2628 471 877 872 888
2629 471 926 924 927
2630 471 926 931 932
2631 471 926 931 933
2632 471 939 940 941
2633 471 939 940 942
2634 471 939 934 950
2635 471 988 986 989
2636 471 988 993 994
2637 471 988 993 995
2638 471 1001 1002 1003
2639 471 1001 1002 1004
2640 471 1001 996 1012
2641 471 1056 1054 1057
2642 471 1056 1061 1062
2643 471 1056 1061 1063
2644 471 1069 1070 1071
2645 471 1069 1070 1072
2646 471 1069 1064 1080
2647 471 1118 1116 1119
2648 471 1118 1123 1124
2649 471 1118 1123 1125
2650 471 1131 1132 1133
2651 471 1131 1132 1134
2652 471 1131 1126 1142
2653 471 1180 1178 1181
2654 471 1180 1185 1186
2655 471 1180 1185 1187
2656 471 1193 1194 1195
2657 471 1193 1194 1196
2658 471 1193 1188 1204
2659 471 1242 1240 1243
2660 471 1242 1247 1248
2661 471 1242 1247 1249
2662 471 1255 1256 1257
2663 471 1255 1256 1258
2664 471 1255 1250 1266
2665 471 1310 1308 1311
2666 471 1310 1315 1316
2667 471 1310 1315 1317
2668 471 1323 1324 1325
2669 471 1323 1324 1326
2670 471 1323 1318 1334
2671 471 1372 1370 1373
2672 471 1372 1377 1378
2673 471 1372 1377 1379
2674 471 1385 1386 1387
2675 471 1385 1386 1388
2676 471 1385 1380 1396
2677 471 1434 1432 1435
2678 471 1434 1439 1440
2679 471 1434 1439 1441
2680 471 1447 1448 1449
2681 471 1447 1448 1450
2682 471 1447 1442 1458
2683 471 1496 1494 1497
2684 471 1496 1501 1502
2685 471 1496 1501 1503
2686 471 1509 1510 1511
2687 471 1509 1510 1512
2688 471 1509 1504 1520
2689 473 58 57 60
2690 473 59 57 60
2691 473 120 119 122
2692 473 121 119 122
2693 473 182 181 184
2694 473 183 181 184
2695 473 244 243 246
2696 473 245 243 246
2697 473 312 311 314
2698 473 313 311 314
2699 473 374 373 376
2700 473 375 373 376
2701 473 436 435 438
2702 473 437 435 438
2703 473 498 497 500
2704 473 499 497 500
2705 473 566 565 568
2706 473 567 565 568
2707 473 628 627 630
2708 473 629 627 630
2709 473 690 689 692
2710 473 691 689 692
2711 473 752 751 754
2712 473 753 751 754
2713 473 820 819 822
2714 473 821 819 822
2715 473 882 881 884
2716 473 883 881 884
2717 473 944 943 946
2718 473 945 943 946
2719 473 1006 1005 1008
2720 473 1007 1005 1008
2721 473 1074 1073 1076
2722 473 1075 1073 1076
2723 473 1136 1135 1138
2724 473 1137 1135 1138
2725 473 1198 1197 1200
2726 473 1199 1197 1200
2727 473 1260 1259 1262
2728 473 1261 1259 1262
2729 473 1328 1327 1330
2730 473 1329 1327 1330
2731 473 1390 1389 1392
2732 473 1391 1389 1392
2733 473 1452 1451 1454
2734 473 1453 1451 1454
2735 473 1514 1513 1516
2736 473 1515 1513 1516
2737 2871 60 63 251
2738 2871 122 125 252
2739 2871 184 187 253
2740 2871 246 249 254
2741 2871 314 317 505
2742 2871 376 379 506
2743 2871 438 441 507
2744 2871 500 503 508
2745 2871 568 571 759
2746 2871 630 633 760
2747 2871 692 695 761
2748 2871 754 757 762
2749 2871 822 825 1013
2750 2871 884 887 1014
2751 2871 946 949 1015
2752 2871 1008 1011 1016
2753 2871 1076 1079 1267
2754 2871 1138 1141 1268
2755 2871 1200 1203 1269
2756 2871 1262 1265 1270
2757 2871 1330 1333 1521
2758 2871 1392 1395 1522
2759 2871 1454 1457 1523
2760 2871 1516 1519 1524
2761 2886 38 40 45
2762 2886 48 53 54
2763 2886 100 102 107
2764 2886 110 115 116
2765 2886 162 164 169
2766 2886 172 177 178
2767 2886 224 226 231
2768 2886 234 239 240
2769 2886 292 294 299
2770 2886 302 307 308
2771 2886 354 356 361
2772 2886 364 369 370
2773 2886 416 418 423
2774 2886 426 431 432
2775 2886 478 480 485
2776 2886 488 493 494
2777 2886 546 548 553
2778 2886 556 561 562
2779 2886 608 610 615
2780 2886 618 623 624
2781 2886 670 672 677
2782 2886 680 685 686
2783 2886 732 734 739
2784 2886 742 747 748
2785 2886 800 802 807
2786 2886 810 815 816
2787 2886 862 864 869
2788 2886 872 877 878
2789 2886 924 926 931
2790 2886 934 939 940
2791 2886 986 988 993
2792 2886 996 1001 1002
2793 2886 1054 1056 1061
2794 2886 1064 1069 1070
2795 2886 1116 1118 1123
2796 2886 1126 1131 1132
2797 2886 1178 1180 1185
2798 2886 1188 1193 1194
2799 2886 1240 1242 1247
2800 2886 1250 1255 1256
2801 2886 1308 1310 1315
2802 2886 1318 1323 1324
2803 2886 1370 1372 1377
2804 2886 1380 1385 1386
2805 2886 1432 1434 1439
2806 2886 1442 1447 1448
2807 2886 1494 1496 1501
2808 2886 1504 1509 1510
2809 3772 57 60 61
2810 3772 57 60 62
2811 3772 119 122 123
2812 3772 119 122 124
2813 3772 181 184 185
2814 3772 181 184 186
2815 3772 243 246 247
2816 3772 243 246 248
2817 3772 311 314 315
2818 3772 311 314 316
2819 3772 373 376 377
2820 3772 373 376 378
2821 3772 435 438 439
2822 3772 435 438 440
2823 3772 497 500 501
2824 3772 497 500 502
2825 3772 565 568 569
2826 3772 565 568 570
2827 3772 627 630 631
2828 3772 627 630 632
2829 3772 689 692 693
2830 3772 689 692 694
2831 3772 751 754 755
2832 3772 751 754 756
2833 3772 819 822 823
2834 3772 819 822 824
2835 3772 881 884 885
2836 3772 881 884 886
2837 3772 943 946 947
2838 3772 943 946 948
2839 3772 1005 1008 1009
2840 3772 1005 1008 1010
2841 3772 1073 1076 1077
2842 3772 1073 1076 1078
2843 3772 1135 1138 1139
2844 3772 1135 1138 1140
2845 3772 1197 1200 1201
2846 3772 1197 1200 1202
2847 3772 1259 1262 1263
2848 3772 1259 1262 1264
2849 3772 1327 1330 1331
2850 3772 1327 1330 1332
2851 3772 1389 1392 1393
2852 3772 1389 1392 1394
2853 3772 1451 1454 1455
2854 3772 1451 1454 1456
2855 3772 1513 1516 1517
2856 3772 1513 1516 1518
2857 3773 57 60 63
2858 3773 119 122 125
2859 3773 181 184 187
2860 3773 243 246 249
2861 3773 311 314 317
2862 3773 373 376 379
2863 3773 435 438 441
2864 3773 497 500 503
2865 3773 565 568 571
2866 3773 627 630 633
2867 3773 689 692 695
2868 3773 751 754 757
2869 3773 819 822 825
2870 3773 881 884 887
2871 3773 943 946 949
2872 3773 1005 1008 1011
2873 3773 1073 1076 1079
2874 3773 1135 1138 1141
2875 3773 1197 1200 1203
2876 3773 1259 1262 1265
2877 3773 1327 1330 1333
2878 3773 1389 1392 1395
2879 3773 1451 1454 1457
2880 3773 1513 1516 1519
2881 3826 61 60 62
2882 3826 123 122 124
2883 3826 185 184 186
2884 3826 247 246 248
2885 3826 315 314 316
2886 3826 377 376 378
2887 3826 439 438 440
2888 3826 501 500 502
2889 3826 569 568 570
2890 3826 631 630 632
2891 3826 693 692 694
2892 3826 755 754 756
2893 3826 823 822 824
2894 3826 885 884 886
2895 3826 947 946 948
2896 3826 1009 1008 1010
2897 3826 1077 1076 1078
2898 3826 1139 1138 1140
2899 3826 1201 1200 1202
2900 3826 1263 1262 1264
2901 3826 1331 1330 1332
2902 3826 1393 1392 1394
2903 3826 1455 1454 1456
2904 3826 1517 1516 1518
2905 3827 61 60 63
2906 3827 62 60 63
2907 3827 123 122 125
2908 3827 124 122 125
2909 3827 185 184 187
2910 3827 186 184 187
2911 3827 247 246 249
2912 3827 248 246 249
2913 3827 315 314 317
2914 3827 316 314 317
2915 3827 377 376 379
2916 3827 378 376 379
2917 3827 439 438 441
2918 3827 440 438 441
2919 3827 501 500 503
2920 3827 502 500 503
2921 3827 569 568 571
2922 3827 570 568 571
2923 3827 631 630 633
2924 3827 632 630 633
2925 3827 693 692 695
2926 3827 694 692 695
2927 3827 755 754 757
2928 3827 756 754 757
2929 3827 823 822 825
2930 3827 824 822 825
2931 3827 885 884 887
2932 3827 886 884 887
2933 3827 947 946 949
2934 3827 948 946 949
2935 3827 1009 1008 1011
2936 3827 1010 1008 1011
2937 3827 1077 1076 1079
2938 3827 1078 1076 1079
2939 3827 1139 1138 1141
2940 3827 1140 1138 1141
2941 3827 1201 1200 1203
2942 3827 1202 1200 1203
2943 3827 1263 1262 1265
2944 3827 1264 1262 1265
2945 3827 1331 1330 1333
2946 3827 1332 1330 1333
2947 3827 1393 1392 1395
2948 3827 1394 1392 1395
2949 3827 1455 1454 1457
2950 3827 1456 1454 1457
2951 3827 1517 1516 1519
2952 3827 1518 1516 1519
