    1 30 62 30
    2 30 30 62
    3 34 2 34
    4 34 2 2
    5 2 2 2
    6 2 2 3
    7 2 2 4
    8 2 2 5
    9 2 2 33
    10 2 2 32
    11 2 2 24
    12 2 2 25
    13 2 2 35
    14 2 2 37
    15 2 2 38
    16 2 2 39
    17 2 2 40
    18 2 2 36
    19 2 2 41
    20 2 2 47
    21 2 2 48
    22 2 2 57
    23 2 2 58
    24 2 2 59
    25 2 2 63
    26 2 2 64
    27 2 2 65
    28 2 2 66
    29 2 2 76
    30 2 2 77
    31 2 2 74
    32 2 2 78
    33 2 2 79
    34 3 2 3
    35 3 2 10
    36 3 2 37
    37 3 2 57
    38 3 2 75
    39 4 2 4
    40 4 2 12
    41 4 2 37
    42 5 2 5
    43 1 2 2
    44 12 2 24
    45 13 2 24
    46 33 2 33
    47 32 2 32
    48 35 2 35
    49 37 2 37
    50 37 2 39
    51 37 2 47
    52 37 2 59
    53 37 2 64
    54 37 2 79
    55 38 2 38
    56 38 2 57
    57 38 2 74
    58 39 2 39
    59 40 2 40
    60 41 2 41
    61 45 2 57
    62 45 2 74
    63 46 2 57
    64 47 2 47
    65 36 2 36
    66 48 2 48
    67 58 2 58
    68 57 2 57
    69 59 2 59
    70 63 2 63
    71 64 2 64
    72 65 2 65
    73 66 2 66
    74 75 2 75
    75 76 2 76
    76 77 2 77
    77 78 2 78
    78 74 2 74
    79 79 2 79
    80 34 3 34
    81 34 3 3
    82 34 3 4
    83 34 3 10
    84 34 3 22
    85 34 3 24
    86 2 3 2
    87 2 3 3
    88 2 3 4
    89 2 3 32
    90 2 3 24
    91 3 3 3
    92 3 3 4
    93 3 3 5
    94 3 3 8
    95 3 3 9
    96 3 3 33
    97 3 3 14
    98 3 3 15
    99 3 3 32
    100 3 3 22
    101 3 3 24
    102 3 3 25
    103 3 3 31
    104 3 3 35
    105 3 3 37
    106 3 3 38
    107 3 3 39
    108 3 3 40
    109 3 3 36
    110 3 3 41
    111 3 3 47
    112 3 3 48
    113 3 3 57
    114 3 3 58
    115 3 3 59
    116 3 3 63
    117 3 3 64
    118 3 3 65
    119 3 3 66
    120 3 3 76
    121 3 3 77
    122 3 3 74
    123 3 3 78
    124 3 3 79
    125 4 3 4
    126 4 3 8
    127 4 3 9
    128 4 3 10
    129 4 3 11
    130 4 3 22
    131 4 3 24
    132 4 3 25
    133 4 3 38
    134 4 3 36
    135 4 3 41
    136 4 3 45
    137 4 3 46
    138 4 3 47
    139 4 3 57
    140 4 3 58
    141 4 3 59
    142 4 3 63
    143 4 3 74
    144 4 3 79
    145 5 3 5
    146 5 3 25
    147 1 3 3
    148 1 3 4
    149 1 3 1
    150 8 3 22
    151 8 3 24
    152 8 3 47
    153 8 3 57
    154 9 3 24
    155 10 3 33
    156 10 3 22
    157 10 3 24
    158 10 3 41
    159 10 3 47
    160 10 3 48
    161 10 3 57
    162 10 3 58
    163 10 3 59
    164 11 3 24
    165 1 3 24
    166 1 3 25
    167 33 3 33
    168 33 3 22
    169 33 3 24
    170 14 3 24
    171 32 3 32
    172 32 3 24
    173 22 3 38
    174 22 3 36
    175 22 3 41
    176 22 3 45
    177 22 3 47
    178 22 3 48
    179 22 3 59
    180 22 3 79
    181 23 3 38
    182 23 3 41
    183 23 3 45
    184 23 3 47
    185 24 3 24
    186 24 3 37
    187 24 3 38
    188 24 3 39
    189 24 3 36
    190 24 3 41
    191 24 3 45
    192 24 3 46
    193 24 3 47
    194 24 3 48
    195 24 3 57
    196 24 3 58
    197 24 3 59
    198 24 3 63
    199 24 3 64
    200 24 3 65
    201 24 3 66
    202 24 3 70
    203 24 3 71
    204 24 3 75
    205 24 3 76
    206 24 3 74
    207 24 3 77
    208 24 3 78
    209 24 3 79
    210 25 3 25
    211 25 3 38
    212 25 3 36
    213 25 3 41
    214 25 3 47
    215 25 3 48
    216 25 3 58
    217 25 3 59
    218 25 3 64
    219 25 3 66
    220 25 3 76
    221 25 3 77
    222 25 3 78
    223 25 3 79
    224 31 3 40
    225 35 3 35
    226 37 3 37
    227 38 3 38
    228 38 3 40
    229 38 3 41
    230 38 3 47
    231 38 3 58
    232 38 3 59
    233 38 3 79
    234 39 3 39
    235 40 3 40
    236 40 3 79
    237 41 3 41
    238 45 3 47
    239 45 3 59
    240 45 3 79
    241 46 3 47
    242 47 3 47
    243 47 3 58
    244 47 3 59
    245 47 3 79
    246 36 3 38
    247 36 3 36
    248 36 3 41
    249 36 3 45
    250 36 3 47
    251 48 3 48
    252 36 3 79
    253 58 3 58
    254 57 3 57
    255 57 3 58
    256 57 3 74
    257 59 3 59
    258 63 3 63
    259 64 3 64
    260 66 3 66
    261 76 3 76
    262 76 3 77
    263 77 3 77
    264 78 3 78
    265 78 3 79
    266 74 3 74
    267 79 3 79
    268 34 4 34
    269 34 4 2
    270 34 4 4
    271 34 4 1
    272 34 4 19
    273 34 4 20
    274 34 4 25
    275 2 4 2
    276 2 4 3
    277 2 4 4
    278 2 4 5
    279 2 4 8
    280 2 4 9
    281 2 4 33
    282 2 4 19
    283 2 4 25
    284 2 4 31
    285 2 4 39
    286 2 4 40
    287 2 4 36
    288 2 4 47
    289 2 4 58
    290 2 4 59
    291 3 4 3
    292 3 4 4
    293 3 4 5
    294 3 4 8
    295 3 4 9
    296 3 4 10
    297 3 4 11
    298 3 4 33
    299 3 4 14
    300 3 4 15
    301 3 4 32
    302 3 4 19
    303 3 4 20
    304 3 4 25
    305 3 4 31
    306 3 4 38
    307 3 4 39
    308 3 4 36
    309 3 4 41
    310 3 4 47
    311 3 4 58
    312 3 4 59
    313 3 4 76
    314 3 4 79
    315 4 4 4
    316 4 4 5
    317 4 4 8
    318 4 4 9
    319 4 4 10
    320 4 4 11
    321 4 4 33
    322 4 4 14
    323 4 4 15
    324 4 4 32
    325 4 4 19
    326 4 4 20
    327 4 4 25
    328 4 4 31
    329 4 4 35
    330 4 4 37
    331 4 4 38
    332 4 4 39
    333 4 4 40
    334 4 4 36
    335 4 4 41
    336 4 4 47
    337 4 4 48
    338 4 4 57
    339 4 4 58
    340 4 4 59
    341 4 4 64
    342 4 4 66
    343 4 4 76
    344 4 4 77
    345 4 4 78
    346 4 4 79
    347 4 4 83
    348 5 4 5
    349 5 4 8
    350 5 4 9
    351 5 4 10
    352 5 4 33
    353 5 4 14
    354 5 4 32
    355 5 4 19
    356 5 4 20
    357 5 4 25
    358 5 4 31
    359 5 4 38
    360 5 4 39
    361 5 4 40
    362 5 4 36
    363 5 4 41
    364 5 4 43
    365 5 4 44
    366 5 4 47
    367 5 4 58
    368 5 4 59
    369 5 4 66
    370 5 4 77
    371 5 4 79
    372 5 4 82
    373 1 4 2
    374 1 4 3
    375 1 4 4
    376 1 4 1
    377 1 4 5
    378 1 4 8
    379 8 4 8
    380 8 4 9
    381 8 4 14
    382 1 4 9
    383 1 4 10
    384 8 4 32
    385 8 4 19
    386 8 4 25
    387 8 4 31
    388 1 4 33
    389 8 4 38
    390 8 4 39
    391 8 4 40
    392 8 4 36
    393 8 4 41
    394 8 4 43
    395 8 4 47
    396 8 4 58
    397 8 4 59
    398 8 4 66
    399 8 4 78
    400 8 4 79
    401 1 4 14
    402 9 4 9
    403 9 4 32
    404 9 4 19
    405 9 4 25
    406 9 4 39
    407 9 4 36
    408 9 4 44
    409 9 4 47
    410 9 4 58
    411 9 4 59
    412 9 4 78
    413 9 4 79
    414 10 4 10
    415 10 4 15
    416 10 4 19
    417 10 4 25
    418 10 4 39
    419 10 4 36
    420 10 4 58
    421 10 4 59
    422 10 4 79
    423 1 4 32
    424 11 4 15
    425 11 4 19
    426 11 4 25
    427 11 4 39
    428 1 4 19
    429 1 4 20
    430 1 4 25
    431 1 4 31
    432 33 4 33
    433 33 4 32
    434 33 4 19
    435 33 4 20
    436 33 4 25
    437 33 4 59
    438 33 4 79
    439 1 4 38
    440 1 4 39
    441 1 4 40
    442 1 4 36
    443 1 4 41
    444 1 4 47
    445 1 4 58
    446 1 4 59
    447 1 4 66
    448 1 4 77
    449 1 4 78
    450 1 4 79
    451 14 4 14
    452 14 4 19
    453 14 4 25
    454 14 4 31
    455 14 4 39
    456 14 4 40
    457 14 4 36
    458 14 4 58
    459 14 4 59
    460 15 4 19
    461 15 4 25
    462 15 4 39
    463 15 4 58
    464 15 4 59
    465 32 4 32
    466 32 4 19
    467 32 4 20
    468 32 4 21
    469 32 4 25
    470 32 4 38
    471 32 4 59
    472 32 4 66
    473 32 4 77
    474 32 4 79
    475 19 4 19
    476 19 4 37
    477 19 4 38
    478 19 4 39
    479 19 4 36
    480 19 4 41
    481 19 4 43
    482 19 4 44
    483 19 4 47
    484 19 4 48
    485 19 4 57
    486 19 4 58
    487 19 4 59
    488 19 4 66
    489 19 4 76
    490 19 4 74
    491 19 4 77
    492 19 4 78
    493 19 4 79
    494 19 4 82
    495 19 4 83
    496 20 4 20
    497 20 4 35
    498 20 4 38
    499 20 4 39
    500 20 4 36
    501 20 4 41
    502 20 4 43
    503 20 4 44
    504 20 4 47
    505 20 4 48
    506 20 4 57
    507 20 4 58
    508 20 4 59
    509 20 4 76
    510 20 4 74
    511 20 4 77
    512 20 4 78
    513 20 4 79
    514 21 4 39
    515 21 4 43
    516 21 4 44
    517 21 4 47
    518 21 4 59
    519 21 4 79
    520 25 4 25
    521 25 4 35
    522 25 4 38
    523 25 4 39
    524 25 4 40
    525 25 4 36
    526 25 4 41
    527 25 4 47
    528 25 4 48
    529 25 4 58
    530 25 4 59
    531 25 4 63
    532 25 4 64
    533 25 4 65
    534 25 4 66
    535 25 4 72
    536 25 4 73
    537 25 4 76
    538 25 4 77
    539 25 4 78
    540 25 4 79
    541 31 4 31
    542 31 4 40
    543 35 4 35
    544 37 4 37
    545 38 4 38
    546 38 4 47
    547 38 4 58
    548 38 4 59
    549 39 4 39
    550 39 4 43
    551 39 4 44
    552 39 4 47
    553 39 4 58
    554 39 4 59
    555 39 4 66
    556 39 4 79
    557 40 4 40
    558 41 4 41
    559 41 4 59
    560 43 4 43
    561 43 4 47
    562 43 4 59
    563 44 4 44
    564 44 4 47
    565 44 4 59
    566 47 4 47
    567 47 4 58
    568 47 4 59
    569 47 4 66
    570 47 4 79
    571 36 4 38
    572 36 4 39
    573 36 4 36
    574 36 4 47
    575 36 4 58
    576 48 4 48
    577 36 4 59
    578 36 4 66
    579 58 4 58
    580 58 4 59
    581 58 4 66
    582 58 4 78
    583 57 4 57
    584 59 4 59
    585 59 4 66
    586 59 4 79
    587 63 4 63
    588 64 4 64
    589 66 4 66
    590 66 4 79
    591 76 4 76
    592 76 4 77
    593 77 4 77
    594 78 4 78
    595 78 4 79
    596 74 4 74
    597 79 4 79
    598 34 5 34
    599 34 5 5
    600 2 5 2
    601 2 5 5
    602 3 5 3
    603 3 5 5
    604 4 5 3
    605 4 5 4
    606 4 5 5
    607 4 5 6
    608 4 5 7
    609 4 5 41
    610 4 5 42
    611 5 5 5
    612 5 5 8
    613 5 5 9
    614 5 5 10
    615 5 5 11
    616 5 5 12
    617 5 5 13
    618 5 5 33
    619 5 5 6
    620 5 5 7
    621 5 5 14
    622 5 5 15
    623 5 5 32
    624 5 5 22
    625 5 5 24
    626 5 5 35
    627 5 5 37
    628 5 5 38
    629 5 5 40
    630 5 5 36
    631 5 5 41
    632 5 5 42
    633 5 5 43
    634 5 5 44
    635 5 5 45
    636 5 5 46
    637 5 5 47
    638 5 5 48
    639 5 5 57
    640 5 5 58
    641 5 5 59
    642 5 5 63
    643 5 5 64
    644 5 5 65
    645 5 5 66
    646 5 5 70
    647 5 5 71
    648 5 5 72
    649 5 5 73
    650 5 5 76
    651 5 5 77
    652 5 5 74
    653 5 5 78
    654 5 5 79
    655 5 5 82
    656 5 5 83
    657 1 5 4
    658 1 5 1
    659 1 5 5
    660 8 5 6
    661 8 5 42
    662 9 5 42
    663 10 5 41
    664 10 5 42
    665 11 5 42
    666 12 5 6
    667 1 5 24
    668 33 5 33
    669 33 5 6
    670 33 5 42
    671 1 5 42
    672 1 5 43
    673 1 5 44
    674 6 5 32
    675 6 5 22
    676 6 5 24
    677 6 5 41
    678 6 5 42
    679 6 5 47
    680 6 5 58
    681 6 5 79
    682 6 5 83
    683 7 5 24
    684 7 5 83
    685 32 5 32
    686 32 5 42
    687 22 5 36
    688 22 5 41
    689 22 5 42
    690 22 5 43
    691 22 5 44
    692 22 5 59
    693 22 5 79
    694 23 5 42
    695 23 5 43
    696 23 5 44
    697 24 5 38
    698 24 5 63
    699 35 5 35
    700 37 5 37
    701 38 5 38
    702 38 5 41
    703 40 5 40
    704 41 5 41
    705 41 5 42
    706 41 5 47
    707 42 5 42
    708 42 5 43
    709 42 5 44
    710 42 5 47
    711 42 5 58
    712 42 5 59
    713 42 5 78
    714 42 5 79
    715 43 5 43
    716 43 5 47
    717 44 5 44
    718 44 5 47
    719 47 5 47
    720 36 5 43
    721 36 5 44
    722 36 5 47
    723 48 5 48
    724 58 5 58
    725 57 5 57
    726 59 5 59
    727 63 5 63
    728 64 5 64
    729 66 5 66
    730 76 5 76
    731 77 5 77
    732 78 5 78
    733 74 5 74
    734 79 5 79
    735 34 1 34
    736 34 1 4
    737 34 1 57
    738 2 1 2
    739 2 1 57
    740 3 1 3
    741 3 1 24
    742 3 1 57
    743 3 1 74
    744 4 1 4
    745 4 1 5
    746 4 1 8
    747 4 1 9
    748 4 1 10
    749 4 1 11
    750 4 1 12
    751 4 1 13
    752 4 1 33
    753 4 1 32
    754 4 1 22
    755 4 1 24
    756 4 1 35
    757 4 1 38
    758 4 1 40
    759 4 1 36
    760 4 1 45
    761 4 1 46
    762 4 1 57
    763 4 1 58
    764 4 1 59
    765 4 1 64
    766 4 1 66
    767 4 1 70
    768 4 1 71
    769 4 1 72
    770 4 1 73
    771 4 1 76
    772 4 1 77
    773 4 1 74
    774 4 1 78
    775 4 1 79
    776 4 1 82
    777 4 1 83
    778 5 1 5
    779 5 1 8
    780 5 1 9
    781 5 1 10
    782 5 1 11
    783 5 1 22
    784 5 1 24
    785 5 1 36
    786 5 1 45
    787 5 1 57
    788 5 1 58
    789 5 1 59
    790 5 1 74
    791 5 1 78
    792 5 1 79
    793 34 8 1
    794 34 8 8
    795 34 8 9
    796 34 8 41
    797 3 8 4
    798 3 8 5
    799 3 8 8
    800 3 8 9
    801 3 8 24
    802 3 8 36
    803 3 8 59
    804 1 1 4
    805 4 8 5
    806 4 8 8
    807 4 8 9
    808 4 8 11
    809 4 8 24
    810 4 8 38
    811 4 8 36
    812 4 8 41
    813 4 8 43
    814 4 8 44
    815 4 8 59
    816 4 8 79
    817 1 1 1
    818 1 1 5
    819 5 8 8
    820 5 8 9
    821 5 8 10
    822 5 8 22
    823 5 8 24
    824 5 8 36
    825 5 8 43
    826 5 8 44
    827 5 8 47
    828 5 8 58
    829 5 8 59
    830 5 8 79
    831 1 8 3
    832 1 8 4
    833 1 8 1
    834 1 1 8
    835 1 8 5
    836 1 8 8
    837 8 1 8
    838 8 8 8
    839 8 8 9
    840 8 8 10
    841 8 8 11
    842 8 8 12
    843 1 8 9
    844 8 1 9
    845 1 8 10
    846 8 1 10
    847 8 8 32
    848 1 8 12
    849 8 8 22
    850 8 8 24
    851 1 8 33
    852 8 8 38
    853 8 8 36
    854 8 8 41
    855 8 8 43
    856 8 8 44
    857 8 8 47
    858 8 8 58
    859 8 8 59
    860 8 8 69
    861 8 8 79
    862 8 8 83
    863 1 1 9
    864 9 8 9
    865 9 8 10
    866 9 8 33
    867 9 8 32
    868 9 8 22
    869 9 8 24
    870 9 8 36
    871 9 8 41
    872 9 8 43
    873 9 8 47
    874 9 8 48
    875 9 8 58
    876 9 8 59
    877 9 8 79
    878 9 8 83
    879 10 8 41
    880 10 8 43
    881 10 8 44
    882 10 8 59
    883 10 8 79
    884 1 8 32
    885 12 8 41
    886 12 8 79
    887 8 1 22
    888 1 8 24
    889 33 8 41
    890 33 8 44
    891 33 8 79
    892 1 8 38
    893 1 8 36
    894 8 1 36
    895 1 8 43
    896 8 1 44
    897 1 8 44
    898 1 8 45
    899 8 1 57
    900 1 8 58
    901 8 1 58
    902 1 8 59
    903 8 1 59
    904 8 1 74
    905 8 1 79
    906 14 8 44
    907 14 8 59
    908 9 1 9
    909 9 1 14
    910 9 1 36
    911 9 1 43
    912 9 1 44
    913 9 1 57
    914 9 1 58
    915 9 1 59
    916 10 1 10
    917 10 1 11
    918 10 1 14
    919 10 1 22
    920 10 1 24
    921 10 1 36
    922 10 1 57
    923 10 1 58
    924 10 1 59
    925 10 1 74
    926 10 1 79
    927 11 1 11
    928 11 1 24
    929 11 1 36
    930 11 1 57
    931 11 1 58
    932 11 1 59
    933 11 1 74
    934 12 1 12
    935 12 1 24
    936 12 1 57
    937 1 1 22
    938 22 8 36
    939 22 8 41
    940 22 8 43
    941 22 8 44
    942 22 8 59
    943 22 8 79
    944 23 8 36
    945 23 8 41
    946 23 8 43
    947 23 8 44
    948 23 8 59
    949 23 8 79
    950 1 1 24
    951 24 8 41
    952 24 8 43
    953 24 8 44
    954 24 8 59
    955 24 8 69
    956 24 8 79
    957 13 1 13
    958 13 1 24
    959 13 1 57
    960 33 1 33
    961 33 1 32
    962 33 1 24
    963 33 1 57
    964 33 1 74
    965 1 1 36
    966 41 8 43
    967 41 8 44
    968 41 8 48
    969 41 8 58
    970 41 8 82
    971 41 8 83
    972 43 8 44
    973 43 8 47
    974 43 8 48
    975 43 8 79
    976 44 8 44
    977 44 8 45
    978 44 8 47
    979 44 8 48
    980 44 8 58
    981 44 8 59
    982 44 8 78
    983 44 8 79
    984 44 8 82
    985 44 8 83
    986 45 8 79
    987 47 8 47
    988 47 8 59
    989 47 8 79
    990 36 8 38
    991 36 8 41
    992 36 8 43
    993 36 8 44
    994 36 8 47
    995 48 8 59
    996 48 8 79
    997 36 8 79
    998 1 1 57
    999 1 1 58
    1000 1 1 59
    1001 59 8 79
    1002 79 8 79
    1003 79 8 83
    1004 14 1 14
    1005 14 1 36
    1006 14 1 57
    1007 14 1 58
    1008 14 1 59
    1009 15 1 15
    1010 15 1 36
    1011 15 1 57
    1012 15 1 58
    1013 15 1 59
    1014 3 9 4
    1015 3 9 5
    1016 3 9 8
    1017 3 9 9
    1018 3 9 24
    1019 3 9 36
    1020 3 9 59
    1021 4 9 5
    1022 4 9 8
    1023 4 9 9
    1024 4 9 10
    1025 4 9 24
    1026 4 9 38
    1027 4 9 36
    1028 4 9 41
    1029 4 9 43
    1030 4 9 44
    1031 4 9 59
    1032 4 9 79
    1033 5 9 8
    1034 5 9 9
    1035 5 9 10
    1036 5 9 22
    1037 5 9 24
    1038 5 9 36
    1039 5 9 41
    1040 5 9 43
    1041 5 9 44
    1042 5 9 58
    1043 5 9 59
    1044 5 9 79
    1045 1 9 3
    1046 1 9 4
    1047 1 9 1
    1048 1 9 5
    1049 1 9 8
    1050 8 9 8
    1051 8 9 9
    1052 8 9 11
    1053 8 9 13
    1054 8 9 33
    1055 8 9 15
    1056 1 9 9
    1057 1 9 11
    1058 8 9 22
    1059 8 9 24
    1060 1 9 33
    1061 8 9 36
    1062 8 9 41
    1063 8 9 43
    1064 8 9 44
    1065 8 9 47
    1066 8 9 58
    1067 8 9 59
    1068 8 9 79
    1069 8 9 83
    1070 9 9 9
    1071 9 9 10
    1072 9 9 11
    1073 9 9 13
    1074 9 9 15
    1075 9 9 22
    1076 9 9 24
    1077 9 9 38
    1078 9 9 36
    1079 9 9 41
    1080 9 9 43
    1081 9 9 44
    1082 9 9 47
    1083 9 9 58
    1084 9 9 59
    1085 9 9 68
    1086 9 9 79
    1087 10 9 44
    1088 11 9 41
    1089 11 9 43
    1090 11 9 44
    1091 11 9 59
    1092 11 9 79
    1093 1 9 22
    1094 1 9 24
    1095 33 9 43
    1096 1 9 38
    1097 1 9 36
    1098 1 9 43
    1099 1 9 44
    1100 1 9 58
    1101 1 9 59
    1102 22 9 36
    1103 22 9 41
    1104 22 9 43
    1105 22 9 44
    1106 22 9 59
    1107 22 9 79
    1108 23 9 36
    1109 23 9 41
    1110 23 9 43
    1111 23 9 44
    1112 23 9 59
    1113 23 9 79
    1114 24 9 41
    1115 24 9 43
    1116 24 9 44
    1117 24 9 59
    1118 24 9 68
    1119 24 9 79
    1120 41 9 43
    1121 41 9 44
    1122 41 9 47
    1123 41 9 79
    1124 43 9 44
    1125 43 9 47
    1126 43 9 58
    1127 43 9 59
    1128 43 9 79
    1129 44 9 44
    1130 44 9 47
    1131 44 9 79
    1132 47 9 47
    1133 47 9 59
    1134 47 9 79
    1135 36 9 41
    1136 36 9 43
    1137 36 9 44
    1138 36 9 47
    1139 36 9 79
    1140 58 9 59
    1141 59 9 79
    1142 79 9 79
    1143 79 9 83
    1144 3 10 4
    1145 3 10 5
    1146 3 10 8
    1147 3 10 10
    1148 3 10 12
    1149 3 10 33
    1150 3 10 22
    1151 3 10 24
    1152 3 10 37
    1153 3 10 38
    1154 3 10 41
    1155 3 10 45
    1156 3 10 58
    1157 3 10 63
    1158 3 10 70
    1159 3 10 72
    1160 3 10 73
    1161 3 10 82
    1162 3 10 83
    1163 4 10 5
    1164 4 10 8
    1165 4 10 10
    1166 4 10 11
    1167 4 10 12
    1168 4 10 38
    1169 4 10 46
    1170 4 10 47
    1171 5 10 5
    1172 5 10 8
    1173 5 10 10
    1174 5 10 11
    1175 5 10 33
    1176 5 10 22
    1177 5 10 24
    1178 5 10 38
    1179 5 10 46
    1180 5 10 47
    1181 5 10 58
    1182 5 10 59
    1183 5 10 79
    1184 1 10 3
    1185 1 10 4
    1186 1 10 1
    1187 1 10 5
    1188 8 10 9
    1189 8 10 11
    1190 1 10 9
    1191 1 10 10
    1192 1 10 11
    1193 1 10 12
    1194 8 10 22
    1195 8 10 24
    1196 1 10 33
    1197 8 10 38
    1198 8 10 47
    1199 1 10 15
    1200 9 10 10
    1201 9 10 24
    1202 10 10 10
    1203 10 10 11
    1204 10 10 33
    1205 10 10 22
    1206 10 10 24
    1207 10 10 37
    1208 10 10 38
    1209 10 10 58
    1210 11 10 12
    1211 11 10 15
    1212 11 10 22
    1213 11 10 24
    1214 11 10 37
    1215 11 10 36
    1216 11 10 47
    1217 11 10 58
    1218 12 10 12
    1219 12 10 24
    1220 12 10 37
    1221 12 10 38
    1222 1 10 24
    1223 1 10 36
    1224 1 10 47
    1225 1 10 58
    1226 1 10 59
    1227 22 10 37
    1228 22 10 38
    1229 22 10 45
    1230 24 10 37
    1231 24 10 38
    1232 24 10 45
    1233 24 10 47
    1234 24 10 63
    1235 24 10 70
    1236 24 10 72
    1237 24 10 73
    1238 24 10 82
    1239 24 10 83
    1240 38 10 47
    1241 38 10 59
    1242 38 10 79
    1243 45 10 45
    1244 45 10 47
    1245 46 10 47
    1246 70 10 70
    1247 73 10 73
    1248 82 10 82
    1249 83 10 83
    1250 3 11 4
    1251 3 11 5
    1252 3 11 9
    1253 3 11 11
    1254 3 11 13
    1255 3 11 24
    1256 3 11 38
    1257 3 11 46
    1258 3 11 63
    1259 3 11 71
    1260 3 11 72
    1261 3 11 73
    1262 3 11 82
    1263 3 11 83
    1264 4 11 5
    1265 4 11 9
    1266 4 11 10
    1267 4 11 11
    1268 4 11 38
    1269 5 11 5
    1270 5 11 8
    1271 5 11 9
    1272 5 11 10
    1273 5 11 24
    1274 5 11 38
    1275 5 11 45
    1276 5 11 58
    1277 1 11 3
    1278 1 11 4
    1279 1 11 1
    1280 1 11 8
    1281 8 11 11
    1282 1 11 9
    1283 1 11 10
    1284 8 11 24
    1285 9 11 10
    1286 9 11 24
    1287 9 11 38
    1288 10 11 11
    1289 10 11 13
    1290 10 11 24
    1291 10 11 36
    1292 10 11 58
    1293 11 11 11
    1294 11 11 22
    1295 11 11 24
    1296 11 11 37
    1297 11 11 38
    1298 1 11 24
    1299 13 11 13
    1300 13 11 24
    1301 13 11 37
    1302 1 11 38
    1303 1 11 36
    1304 1 11 47
    1305 32 1 32
    1306 22 11 38
    1307 22 11 45
    1308 24 11 37
    1309 24 11 38
    1310 24 11 46
    1311 24 11 47
    1312 24 11 63
    1313 24 11 71
    1314 24 11 72
    1315 24 11 73
    1316 24 11 82
    1317 24 11 83
    1318 38 11 47
    1319 46 11 46
    1320 32 1 57
    1321 71 11 71
    1322 73 11 73
    1323 32 1 74
    1324 82 11 82
    1325 83 11 83
    1326 2 12 5
    1327 2 12 8
    1328 2 12 10
    1329 2 12 12
    1330 2 12 45
    1331 2 12 70
    1332 5 12 13
    1333 5 12 37
    1334 1 12 2
    1335 8 12 37
    1336 10 12 13
    1337 10 12 37
    1338 37 12 45
    1339 22 1 57
    1340 23 1 36
    1341 23 1 57
    1342 24 1 24
    1343 24 1 35
    1344 24 1 36
    1345 24 1 57
    1346 24 1 58
    1347 24 1 59
    1348 24 1 74
    1349 2 13 5
    1350 2 13 11
    1351 2 13 13
    1352 2 13 46
    1353 2 13 71
    1354 5 13 12
    1355 5 13 37
    1356 1 13 2
    1357 9 13 37
    1358 11 13 12
    1359 11 13 37
    1360 12 13 13
    1361 37 13 46
    1362 35 1 35
    1363 35 1 57
    1364 32 33 32
    1365 38 1 38
    1366 38 1 57
    1367 40 1 40
    1368 40 1 57
    1369 43 1 57
    1370 44 1 57
    1371 45 1 45
    1372 45 1 57
    1373 46 1 46
    1374 46 1 57
    1375 36 1 36
    1376 36 1 43
    1377 36 1 44
    1378 36 1 45
    1379 36 1 57
    1380 36 1 58
    1381 48 1 48
    1382 48 1 57
    1383 36 1 59
    1384 36 1 74
    1385 36 1 78
    1386 36 1 79
    1387 58 1 58
    1388 58 1 74
    1389 57 1 57
    1390 57 1 58
    1391 57 1 59
    1392 57 1 63
    1393 57 1 64
    1394 57 1 66
    1395 57 1 70
    1396 57 1 71
    1397 57 1 72
    1398 57 1 73
    1399 57 1 76
    1400 57 1 77
    1401 57 1 74
    1402 57 1 78
    1403 59 1 59
    1404 57 1 79
    1405 59 1 74
    1406 59 1 79
    1407 57 1 82
    1408 57 1 83
    1409 63 1 63
    1410 64 1 64
    1411 64 1 73
    1412 66 1 66
    1413 5 6 5
    1414 5 6 6
    1415 5 6 41
    1416 5 6 42
    1417 6 6 6
    1418 6 6 7
    1419 6 6 42
    1420 70 1 70
    1421 71 1 71
    1422 42 6 42
    1423 73 1 73
    1424 5 7 5
    1425 5 7 7
    1426 5 7 42
    1427 6 7 7
    1428 7 7 7
    1429 7 7 42
    1430 76 1 76
    1431 77 1 77
    1432 78 1 78
    1433 74 1 74
    1434 74 1 78
    1435 74 1 79
    1436 79 1 79
    1437 82 1 82
    1438 83 1 83
    1439 3 16 14
    1440 1 16 16
    1441 16 16 14
    1442 16 16 24
    1443 17 17 15
    1444 17 17 24
    1445 14 17 14
    1446 15 17 24
    1447 2 14 14
    1448 3 14 14
    1449 3 14 19
    1450 3 14 25
    1451 3 14 59
    1452 4 14 4
    1453 4 14 14
    1454 4 14 19
    1455 4 14 25
    1456 4 14 39
    1457 4 14 59
    1458 5 14 14
    1459 5 14 19
    1460 5 14 25
    1461 5 14 58
    1462 5 14 59
    1463 1 14 4
    1464 8 14 14
    1465 8 14 25
    1466 1 14 14
    1467 9 14 14
    1468 1 14 19
    1469 1 14 25
    1470 33 14 33
    1471 33 14 14
    1472 33 14 19
    1473 33 14 25
    1474 1 14 59
    1475 16 14 16
    1476 16 14 14
    1477 16 14 25
    1478 14 14 14
    1479 14 14 15
    1480 14 14 32
    1481 14 14 19
    1482 14 14 25
    1483 14 14 31
    1484 14 14 39
    1485 14 14 41
    1486 14 14 47
    1487 14 14 59
    1488 15 14 25
    1489 32 14 32
    1490 32 14 19
    1491 32 14 25
    1492 19 14 19
    1493 19 14 39
    1494 19 14 36
    1495 19 14 41
    1496 19 14 47
    1497 19 14 59
    1498 20 14 20
    1499 20 14 38
    1500 25 14 25
    1501 25 14 59
    1502 31 14 40
    1503 38 14 38
    1504 36 14 58
    1505 36 14 59
    1506 58 14 58
    1507 58 14 59
    1508 59 14 59
    1509 3 15 15
    1510 4 15 4
    1511 4 15 15
    1512 4 15 19
    1513 4 15 25
    1514 4 15 39
    1515 4 15 36
    1516 4 15 59
    1517 1 15 4
    1518 8 15 15
    1519 1 15 15
    1520 9 15 15
    1521 10 15 20
    1522 10 15 36
    1523 10 15 79
    1524 1 15 19
    1525 1 15 25
    1526 33 15 15
    1527 33 15 19
    1528 33 15 25
    1529 1 15 36
    1530 1 15 59
    1531 17 15 15
    1532 17 15 25
    1533 14 15 15
    1534 14 15 25
    1535 15 15 15
    1536 15 15 32
    1537 15 15 19
    1538 15 15 20
    1539 15 15 25
    1540 15 15 39
    1541 15 15 36
    1542 15 15 41
    1543 15 15 58
    1544 15 15 59
    1545 15 15 77
    1546 15 15 79
    1547 19 15 19
    1548 19 15 39
    1549 19 15 36
    1550 19 15 58
    1551 19 15 59
    1552 19 15 77
    1553 20 15 36
    1554 20 15 59
    1555 20 15 77
    1556 20 15 79
    1557 25 15 25
    1558 36 15 59
    1559 36 15 77
    1560 36 15 79
    1561 47 18 47
    1562 34 37 2
    1563 2 37 2
    1564 2 37 3
    1565 2 37 4
    1566 2 37 5
    1567 2 37 33
    1568 2 37 32
    1569 2 37 26
    1570 2 37 35
    1571 2 37 37
    1572 2 37 38
    1573 2 37 39
    1574 2 37 40
    1575 2 37 41
    1576 2 37 47
    1577 2 37 57
    1578 2 37 58
    1579 2 37 59
    1580 2 37 63
    1581 2 37 64
    1582 2 37 65
    1583 2 37 66
    1584 2 37 75
    1585 2 37 76
    1586 2 37 74
    1587 2 37 77
    1588 2 37 78
    1589 2 37 79
    1590 3 37 37
    1591 3 37 57
    1592 3 37 74
    1593 4 37 37
    1594 5 37 37
    1595 10 37 57
    1596 10 37 74
    1597 11 37 57
    1598 11 37 74
    1599 33 37 37
    1600 32 37 37
    1601 26 37 37
    1602 35 37 37
    1603 37 37 37
    1604 37 37 38
    1605 37 37 39
    1606 37 37 40
    1607 37 37 41
    1608 37 37 47
    1609 37 37 57
    1610 37 37 58
    1611 37 37 59
    1612 37 37 63
    1613 37 37 64
    1614 37 37 74
    1615 37 37 78
    1616 37 37 79
    1617 57 37 63
    1618 63 37 74
    1619 34 38 34
    1620 34 38 3
    1621 34 38 38
    1622 34 38 57
    1623 34 38 63
    1624 34 38 74
    1625 2 38 2
    1626 2 38 4
    1627 2 38 33
    1628 2 38 26
    1629 2 38 38
    1630 2 38 57
    1631 2 38 63
    1632 2 38 74
    1633 3 38 3
    1634 3 38 4
    1635 3 38 5
    1636 3 38 33
    1637 3 38 32
    1638 3 38 26
    1639 3 38 35
    1640 3 38 37
    1641 3 38 38
    1642 3 38 39
    1643 3 38 40
    1644 3 38 36
    1645 3 38 41
    1646 3 38 47
    1647 3 38 48
    1648 3 38 57
    1649 3 38 58
    1650 3 38 59
    1651 3 38 63
    1652 3 38 64
    1653 3 38 65
    1654 3 38 76
    1655 3 38 77
    1656 3 38 74
    1657 3 38 78
    1658 3 38 79
    1659 4 38 4
    1660 4 38 5
    1661 4 38 10
    1662 4 38 11
    1663 4 38 26
    1664 4 38 37
    1665 4 38 38
    1666 4 38 47
    1667 4 38 57
    1668 4 38 63
    1669 4 38 77
    1670 4 38 74
    1671 5 38 5
    1672 5 38 26
    1673 5 38 38
    1674 5 38 57
    1675 5 38 63
    1676 5 38 74
    1677 1 38 3
    1678 1 38 1
    1679 1 38 5
    1680 8 38 33
    1681 8 38 26
    1682 8 38 41
    1683 8 38 47
    1684 9 38 33
    1685 9 38 26
    1686 10 38 26
    1687 10 38 36
    1688 10 38 47
    1689 10 38 57
    1690 10 38 58
    1691 10 38 59
    1692 10 38 74
    1693 11 38 26
    1694 11 38 36
    1695 11 38 47
    1696 11 38 57
    1697 11 38 58
    1698 11 38 59
    1699 11 38 74
    1700 33 38 37
    1701 33 38 38
    1702 33 38 57
    1703 33 38 63
    1704 33 38 74
    1705 14 38 38
    1706 32 38 38
    1707 32 38 57
    1708 32 38 63
    1709 32 38 74
    1710 26 38 26
    1711 26 38 37
    1712 26 38 38
    1713 26 38 45
    1714 26 38 46
    1715 26 38 57
    1716 26 38 63
    1717 26 38 65
    1718 26 38 66
    1719 26 38 70
    1720 26 38 71
    1721 26 38 75
    1722 26 38 76
    1723 26 38 74
    1724 26 38 77
    1725 35 38 38
    1726 35 38 57
    1727 35 38 63
    1728 35 38 74
    1729 37 38 37
    1730 38 38 37
    1731 38 38 38
    1732 38 38 39
    1733 38 38 40
    1734 38 38 41
    1735 38 38 47
    1736 38 38 48
    1737 38 38 57
    1738 38 38 58
    1739 38 38 59
    1740 38 38 63
    1741 38 38 64
    1742 38 38 65
    1743 38 38 66
    1744 38 38 76
    1745 38 38 77
    1746 38 38 74
    1747 38 38 78
    1748 38 38 79
    1749 39 38 39
    1750 39 38 57
    1751 39 38 63
    1752 39 38 74
    1753 40 38 40
    1754 40 38 57
    1755 40 38 63
    1756 40 38 74
    1757 41 38 41
    1758 41 38 57
    1759 41 38 63
    1760 41 38 74
    1761 45 38 47
    1762 45 38 57
    1763 45 38 74
    1764 46 38 47
    1765 46 38 57
    1766 46 38 74
    1767 47 38 47
    1768 47 38 57
    1769 47 38 63
    1770 47 38 74
    1771 36 38 38
    1772 36 38 57
    1773 48 38 48
    1774 48 38 57
    1775 48 38 63
    1776 36 38 63
    1777 36 38 74
    1778 58 38 58
    1779 58 38 63
    1780 58 38 74
    1781 57 38 57
    1782 57 38 58
    1783 57 38 59
    1784 57 38 63
    1785 57 38 64
    1786 57 38 65
    1787 57 38 66
    1788 57 38 70
    1789 57 38 71
    1790 57 38 76
    1791 57 38 77
    1792 57 38 74
    1793 57 38 78
    1794 59 38 59
    1795 59 38 63
    1796 57 38 79
    1797 59 38 74
    1798 63 38 63
    1799 63 38 64
    1800 63 38 65
    1801 63 38 66
    1802 63 38 76
    1803 63 38 77
    1804 63 38 74
    1805 63 38 78
    1806 63 38 79
    1807 64 38 64
    1808 64 38 74
    1809 65 38 74
    1810 66 38 66
    1811 66 38 74
    1812 70 38 74
    1813 71 38 74
    1814 76 38 76
    1815 76 38 77
    1816 77 38 77
    1817 78 38 78
    1818 78 38 79
    1819 74 38 74
    1820 74 38 76
    1821 74 38 77
    1822 74 38 78
    1823 74 38 79
    1824 79 38 79
    1825 34 39 34
    1826 34 39 4
    1827 2 39 2
    1828 2 39 32
    1829 2 39 26
    1830 2 39 57
    1831 3 39 3
    1832 3 39 26
    1833 4 39 4
    1834 4 39 33
    1835 4 39 14
    1836 4 39 15
    1837 4 39 32
    1838 4 39 26
    1839 4 39 35
    1840 4 39 38
    1841 4 39 39
    1842 4 39 40
    1843 4 39 36
    1844 4 39 47
    1845 4 39 48
    1846 4 39 57
    1847 4 39 58
    1848 4 39 59
    1849 4 39 64
    1850 4 39 66
    1851 4 39 76
    1852 4 39 77
    1853 4 39 74
    1854 4 39 78
    1855 4 39 79
    1856 4 39 83
    1857 33 39 33
    1858 33 39 26
    1859 33 39 39
    1860 14 39 14
    1861 14 39 26
    1862 14 39 66
    1863 14 39 73
    1864 15 39 15
    1865 15 39 26
    1866 32 39 32
    1867 32 39 26
    1868 26 39 26
    1869 26 39 35
    1870 26 39 37
    1871 26 39 38
    1872 26 39 39
    1873 26 39 40
    1874 26 39 36
    1875 26 39 41
    1876 26 39 47
    1877 26 39 48
    1878 26 39 57
    1879 26 39 58
    1880 26 39 59
    1881 26 39 63
    1882 26 39 64
    1883 26 39 65
    1884 26 39 66
    1885 26 39 76
    1886 26 39 74
    1887 26 39 77
    1888 26 39 78
    1889 26 39 79
    1890 26 39 83
    1891 35 39 35
    1892 37 39 37
    1893 38 39 38
    1894 38 39 57
    1895 39 39 39
    1896 40 39 40
    1897 40 39 47
    1898 41 39 41
    1899 47 39 47
    1900 36 39 36
    1901 48 39 48
    1902 58 39 58
    1903 57 39 57
    1904 57 39 63
    1905 57 39 65
    1906 57 39 76
    1907 57 39 77
    1908 57 39 74
    1909 59 39 59
    1910 63 39 63
    1911 64 39 64
    1912 65 39 65
    1913 66 39 66
    1914 76 39 76
    1915 76 39 77
    1916 77 39 77
    1917 78 39 78
    1918 78 39 79
    1919 74 39 74
    1920 79 39 79
    1921 34 40 34
    1922 34 40 26
    1923 2 40 2
    1924 2 40 26
    1925 3 40 3
    1926 3 40 4
    1927 3 40 26
    1928 4 40 4
    1929 4 40 5
    1930 4 40 8
    1931 4 40 33
    1932 4 40 26
    1933 4 40 39
    1934 4 40 40
    1935 4 40 36
    1936 4 40 47
    1937 4 40 48
    1938 4 40 57
    1939 4 40 58
    1940 4 40 59
    1941 4 40 63
    1942 4 40 64
    1943 4 40 66
    1944 4 40 76
    1945 4 40 77
    1946 4 40 74
    1947 4 40 78
    1948 4 40 79
    1949 5 40 5
    1950 5 40 26
    1951 1 40 1
    1952 1 40 26
    1953 33 40 33
    1954 33 40 26
    1955 32 40 32
    1956 32 40 26
    1957 26 40 26
    1958 26 40 35
    1959 26 40 37
    1960 26 40 38
    1961 26 40 39
    1962 26 40 40
    1963 26 40 36
    1964 26 40 41
    1965 26 40 47
    1966 26 40 48
    1967 26 40 57
    1968 26 40 58
    1969 26 40 59
    1970 26 40 63
    1971 26 40 64
    1972 26 40 65
    1973 26 40 66
    1974 26 40 73
    1975 26 40 76
    1976 26 40 74
    1977 26 40 77
    1978 26 40 78
    1979 26 40 79
    1980 35 40 35
    1981 37 40 37
    1982 38 40 38
    1983 39 40 39
    1984 40 40 40
    1985 41 40 41
    1986 47 40 47
    1987 36 40 36
    1988 58 40 58
    1989 57 40 57
    1990 59 40 59
    1991 63 40 63
    1992 64 40 64
    1993 66 40 66
    1994 73 40 73
    1995 76 40 76
    1996 77 40 77
    1997 78 40 78
    1998 74 40 74
    1999 79 40 79
    2000 34 41 34
    2001 34 41 3
    2002 34 41 5
    2003 34 41 8
    2004 34 41 9
    2005 34 41 43
    2006 34 41 44
    2007 34 41 59
    2008 34 41 63
    2009 34 41 68
    2010 34 41 69
    2011 34 41 79
    2012 2 41 2
    2013 2 41 3
    2014 2 41 5
    2015 2 41 8
    2016 2 41 9
    2017 2 41 43
    2018 2 41 44
    2019 2 41 59
    2020 2 41 63
    2021 2 41 68
    2022 2 41 69
    2023 2 41 79
    2024 3 41 3
    2025 3 41 4
    2026 3 41 5
    2027 3 41 8
    2028 3 41 9
    2029 3 41 33
    2030 3 41 32
    2031 3 41 26
    2032 3 41 35
    2033 3 41 37
    2034 3 41 38
    2035 3 41 39
    2036 3 41 40
    2037 3 41 36
    2038 3 41 41
    2039 3 41 43
    2040 3 41 44
    2041 3 41 47
    2042 3 41 48
    2043 3 41 57
    2044 3 41 58
    2045 3 41 59
    2046 3 41 63
    2047 3 41 64
    2048 3 41 65
    2049 3 41 66
    2050 3 41 68
    2051 3 41 69
    2052 3 41 76
    2053 3 41 77
    2054 3 41 74
    2055 3 41 78
    2056 3 41 79
    2057 4 41 4
    2058 4 41 5
    2059 4 41 8
    2060 4 41 9
    2061 4 41 6
    2062 4 41 38
    2063 4 41 36
    2064 4 41 43
    2065 4 41 44
    2066 4 41 59
    2067 4 41 63
    2068 4 41 68
    2069 4 41 69
    2070 4 41 78
    2071 4 41 79
    2072 5 41 5
    2073 5 41 8
    2074 5 41 9
    2075 5 41 33
    2076 5 41 6
    2077 5 41 14
    2078 5 41 32
    2079 5 41 26
    2080 5 41 35
    2081 5 41 38
    2082 5 41 40
    2083 5 41 36
    2084 5 41 41
    2085 5 41 42
    2086 5 41 43
    2087 5 41 44
    2088 5 41 47
    2089 5 41 57
    2090 5 41 58
    2091 5 41 59
    2092 5 41 63
    2093 5 41 64
    2094 5 41 65
    2095 5 41 66
    2096 5 41 68
    2097 5 41 69
    2098 5 41 73
    2099 5 41 76
    2100 5 41 77
    2101 5 41 74
    2102 5 41 78
    2103 5 41 79
    2104 8 41 8
    2105 8 41 9
    2106 8 41 10
    2107 8 41 33
    2108 8 41 32
    2109 8 41 26
    2110 8 41 35
    2111 8 41 38
    2112 8 41 40
    2113 8 41 36
    2114 8 41 41
    2115 8 41 43
    2116 8 41 44
    2117 8 41 47
    2118 8 41 48
    2119 8 41 57
    2120 8 41 58
    2121 8 41 59
    2122 8 41 63
    2123 8 41 64
    2124 8 41 65
    2125 8 41 66
    2126 8 41 76
    2127 8 41 77
    2128 8 41 74
    2129 8 41 78
    2130 8 41 79
    2131 9 41 9
    2132 9 41 33
    2133 9 41 32
    2134 9 41 26
    2135 9 41 35
    2136 9 41 38
    2137 9 41 40
    2138 9 41 36
    2139 9 41 41
    2140 9 41 43
    2141 9 41 44
    2142 9 41 47
    2143 9 41 48
    2144 9 41 57
    2145 9 41 58
    2146 9 41 59
    2147 9 41 63
    2148 9 41 64
    2149 9 41 65
    2150 9 41 66
    2151 9 41 76
    2152 9 41 77
    2153 9 41 74
    2154 9 41 78
    2155 9 41 79
    2156 33 41 33
    2157 33 41 43
    2158 33 41 44
    2159 33 41 59
    2160 33 41 63
    2161 33 41 68
    2162 33 41 69
    2163 33 41 79
    2164 32 41 32
    2165 32 41 43
    2166 32 41 44
    2167 32 41 59
    2168 32 41 63
    2169 32 41 68
    2170 32 41 69
    2171 32 41 79
    2172 26 41 26
    2173 26 41 36
    2174 26 41 43
    2175 26 41 44
    2176 26 41 59
    2177 26 41 63
    2178 26 41 68
    2179 26 41 69
    2180 26 41 79
    2181 35 41 35
    2182 35 41 43
    2183 35 41 44
    2184 35 41 59
    2185 35 41 63
    2186 35 41 68
    2187 35 41 69
    2188 35 41 79
    2189 38 41 38
    2190 38 41 43
    2191 38 41 44
    2192 38 41 59
    2193 38 41 63
    2194 38 41 68
    2195 38 41 69
    2196 38 41 79
    2197 39 41 39
    2198 40 41 40
    2199 40 41 43
    2200 40 41 44
    2201 40 41 59
    2202 40 41 63
    2203 40 41 68
    2204 40 41 69
    2205 41 41 41
    2206 41 41 43
    2207 41 41 44
    2208 41 41 59
    2209 41 41 63
    2210 41 41 68
    2211 41 41 69
    2212 41 41 79
    2213 43 41 43
    2214 43 41 44
    2215 43 41 47
    2216 43 41 48
    2217 43 41 57
    2218 43 41 58
    2219 43 41 59
    2220 43 41 63
    2221 43 41 64
    2222 43 41 65
    2223 43 41 66
    2224 43 41 68
    2225 43 41 76
    2226 43 41 77
    2227 43 41 74
    2228 43 41 78
    2229 43 41 79
    2230 44 41 44
    2231 44 41 47
    2232 44 41 48
    2233 44 41 57
    2234 44 41 58
    2235 44 41 59
    2236 44 41 63
    2237 44 41 64
    2238 44 41 65
    2239 44 41 66
    2240 44 41 69
    2241 44 41 76
    2242 44 41 77
    2243 44 41 74
    2244 44 41 78
    2245 44 41 79
    2246 47 41 47
    2247 47 41 59
    2248 47 41 63
    2249 47 41 68
    2250 47 41 69
    2251 47 41 79
    2252 36 41 36
    2253 36 41 43
    2254 36 41 44
    2255 48 41 48
    2256 48 41 59
    2257 48 41 68
    2258 48 41 69
    2259 36 41 59
    2260 48 41 79
    2261 36 41 63
    2262 36 41 68
    2263 36 41 69
    2264 36 41 79
    2265 58 41 58
    2266 58 41 63
    2267 58 41 68
    2268 58 41 69
    2269 58 41 79
    2270 57 41 57
    2271 57 41 59
    2272 57 41 63
    2273 57 41 68
    2274 57 41 69
    2275 59 41 59
    2276 59 41 63
    2277 59 41 64
    2278 59 41 66
    2279 59 41 68
    2280 59 41 69
    2281 59 41 76
    2282 59 41 77
    2283 59 41 79
    2284 63 41 63
    2285 63 41 64
    2286 63 41 66
    2287 63 41 68
    2288 63 41 69
    2289 63 41 76
    2290 63 41 77
    2291 63 41 74
    2292 63 41 78
    2293 63 41 79
    2294 64 41 64
    2295 64 41 68
    2296 64 41 69
    2297 66 41 66
    2298 66 41 68
    2299 66 41 69
    2300 66 41 79
    2301 68 41 68
    2302 68 41 76
    2303 68 41 77
    2304 68 41 74
    2305 68 41 78
    2306 68 41 79
    2307 69 41 69
    2308 69 41 76
    2309 69 41 77
    2310 69 41 74
    2311 69 41 78
    2312 69 41 79
    2313 73 41 73
    2314 76 41 76
    2315 76 41 77
    2316 76 41 79
    2317 77 41 77
    2318 77 41 79
    2319 78 41 78
    2320 78 41 79
    2321 74 41 74
    2322 74 41 79
    2323 79 41 79
    2324 83 41 83
    2325 5 42 5
    2326 5 42 6
    2327 5 42 7
    2328 5 42 42
    2329 6 42 42
    2330 42 42 42
    2331 34 36 34
    2332 34 36 1
    2333 34 36 5
    2334 34 36 8
    2335 34 36 9
    2336 2 36 2
    2337 2 36 5
    2338 2 36 8
    2339 2 36 9
    2340 3 36 3
    2341 3 36 4
    2342 3 36 5
    2343 3 36 8
    2344 3 36 9
    2345 3 36 26
    2346 4 36 4
    2347 4 36 5
    2348 4 36 8
    2349 4 36 9
    2350 4 36 15
    2351 4 36 26
    2352 4 36 38
    2353 4 36 36
    2354 4 36 43
    2355 4 36 44
    2356 4 36 58
    2357 4 36 59
    2358 4 36 83
    2359 5 36 5
    2360 5 36 8
    2361 5 36 9
    2362 5 36 33
    2363 5 36 32
    2364 5 36 26
    2365 5 36 35
    2366 5 36 38
    2367 5 36 40
    2368 5 36 36
    2369 5 36 41
    2370 5 36 43
    2371 5 36 44
    2372 5 36 47
    2373 5 36 63
    2374 5 36 64
    2375 5 36 76
    2376 5 36 77
    2377 5 36 79
    2378 1 36 2
    2379 1 36 3
    2380 1 36 4
    2381 4 43 9
    2382 1 36 1
    2383 1 36 5
    2384 5 43 5
    2385 5 43 9
    2386 5 43 36
    2387 5 43 41
    2388 5 43 59
    2389 5 43 79
    2390 1 36 8
    2391 1 43 5
    2392 8 36 8
    2393 8 43 8
    2394 8 43 9
    2395 1 43 9
    2396 8 36 33
    2397 8 43 41
    2398 8 43 44
    2399 1 36 9
    2400 9 43 9
    2401 9 43 36
    2402 9 43 41
    2403 9 43 43
    2404 9 43 59
    2405 9 43 79
    2406 1 36 10
    2407 8 36 32
    2408 8 36 26
    2409 8 36 35
    2410 1 36 33
    2411 8 36 38
    2412 8 36 36
    2413 8 36 41
    2414 8 36 43
    2415 8 36 47
    2416 8 36 48
    2417 8 36 57
    2418 8 36 58
    2419 8 36 59
    2420 8 36 63
    2421 8 36 64
    2422 8 36 66
    2423 8 36 76
    2424 8 36 77
    2425 8 36 74
    2426 8 36 78
    2427 8 36 79
    2428 1 36 14
    2429 1 36 15
    2430 9 36 9
    2431 9 36 33
    2432 9 36 32
    2433 9 36 26
    2434 9 36 35
    2435 9 36 38
    2436 9 36 36
    2437 9 36 41
    2438 9 36 44
    2439 9 36 47
    2440 9 36 48
    2441 9 36 57
    2442 9 36 58
    2443 9 36 59
    2444 9 36 63
    2445 9 36 64
    2446 9 36 66
    2447 9 36 76
    2448 9 36 77
    2449 9 36 74
    2450 9 36 78
    2451 9 36 79
    2452 10 36 15
    2453 1 36 32
    2454 11 36 15
    2455 1 36 26
    2456 1 36 35
    2457 33 36 33
    2458 1 36 38
    2459 1 36 39
    2460 1 36 40
    2461 1 36 36
    2462 1 36 41
    2463 41 43 44
    2464 1 36 43
    2465 43 43 44
    2466 1 36 44
    2467 44 43 59
    2468 1 36 47
    2469 1 36 48
    2470 1 36 57
    2471 1 36 58
    2472 1 36 59
    2473 1 36 63
    2474 1 36 64
    2475 1 36 65
    2476 1 36 66
    2477 1 36 68
    2478 1 36 69
    2479 1 36 76
    2480 1 36 77
    2481 1 36 74
    2482 1 36 78
    2483 1 36 79
    2484 1 36 83
    2485 14 36 26
    2486 14 36 59
    2487 15 36 26
    2488 4 44 8
    2489 5 44 5
    2490 5 44 8
    2491 5 44 36
    2492 5 44 41
    2493 5 44 43
    2494 5 44 59
    2495 5 44 79
    2496 1 44 5
    2497 1 44 8
    2498 8 44 8
    2499 8 44 9
    2500 8 44 36
    2501 8 44 41
    2502 8 44 44
    2503 8 44 59
    2504 8 44 79
    2505 9 44 9
    2506 9 44 41
    2507 9 44 43
    2508 41 44 43
    2509 43 44 44
    2510 43 44 59
    2511 2 45 5
    2512 2 45 12
    2513 3 45 5
    2514 3 45 10
    2515 3 45 12
    2516 3 45 38
    2517 3 45 45
    2518 3 45 63
    2519 3 45 70
    2520 3 45 72
    2521 3 45 73
    2522 3 45 82
    2523 3 45 83
    2524 5 45 11
    2525 5 45 38
    2526 5 45 46
    2527 5 45 57
    2528 5 45 63
    2529 5 45 74
    2530 1 45 3
    2531 10 45 38
    2532 10 45 57
    2533 10 45 63
    2534 10 45 74
    2535 12 45 37
    2536 12 45 38
    2537 12 45 57
    2538 12 45 63
    2539 12 45 74
    2540 1 45 83
    2541 38 45 38
    2542 38 45 45
    2543 38 45 57
    2544 38 45 63
    2545 38 45 70
    2546 38 45 72
    2547 38 45 73
    2548 38 45 74
    2549 38 45 82
    2550 38 45 83
    2551 45 45 57
    2552 45 45 63
    2553 45 45 74
    2554 57 45 57
    2555 57 45 70
    2556 57 45 72
    2557 57 45 73
    2558 57 45 74
    2559 57 45 82
    2560 57 45 83
    2561 63 45 70
    2562 63 45 72
    2563 63 45 73
    2564 63 45 82
    2565 63 45 83
    2566 70 45 74
    2567 72 45 74
    2568 73 45 74
    2569 74 45 74
    2570 74 45 82
    2571 74 45 83
    2572 2 46 5
    2573 2 46 13
    2574 3 46 5
    2575 3 46 11
    2576 3 46 38
    2577 3 46 46
    2578 3 46 63
    2579 3 46 71
    2580 3 46 72
    2581 3 46 73
    2582 3 46 82
    2583 3 46 83
    2584 5 46 10
    2585 5 46 38
    2586 5 46 45
    2587 5 46 57
    2588 5 46 63
    2589 5 46 74
    2590 1 46 3
    2591 11 46 38
    2592 11 46 57
    2593 11 46 63
    2594 11 46 74
    2595 13 46 37
    2596 13 46 38
    2597 13 46 57
    2598 13 46 63
    2599 13 46 74
    2600 32 36 32
    2601 38 46 38
    2602 38 46 46
    2603 38 46 57
    2604 38 46 63
    2605 38 46 71
    2606 38 46 72
    2607 38 46 73
    2608 38 46 74
    2609 38 46 82
    2610 38 46 83
    2611 46 46 57
    2612 46 46 63
    2613 46 46 74
    2614 57 46 57
    2615 57 46 71
    2616 57 46 72
    2617 57 46 73
    2618 57 46 74
    2619 57 46 82
    2620 57 46 83
    2621 63 46 71
    2622 63 46 72
    2623 63 46 73
    2624 63 46 82
    2625 63 46 83
    2626 71 46 74
    2627 72 46 74
    2628 73 46 74
    2629 74 46 74
    2630 74 46 82
    2631 74 46 83
    2632 34 47 34
    2633 34 47 5
    2634 34 47 26
    2635 2 47 2
    2636 2 47 3
    2637 2 47 5
    2638 2 47 26
    2639 3 47 3
    2640 3 47 4
    2641 3 47 5
    2642 3 47 8
    2643 3 47 9
    2644 3 47 14
    2645 3 47 26
    2646 3 47 38
    2647 3 47 39
    2648 3 47 48
    2649 3 47 58
    2650 3 47 59
    2651 3 47 83
    2652 4 47 4
    2653 4 47 5
    2654 4 47 8
    2655 4 47 9
    2656 4 47 11
    2657 4 47 18
    2658 4 47 26
    2659 4 47 38
    2660 4 47 36
    2661 4 47 41
    2662 4 47 63
    2663 4 47 83
    2664 5 47 5
    2665 5 47 8
    2666 5 47 9
    2667 5 47 33
    2668 5 47 14
    2669 5 47 32
    2670 5 47 26
    2671 5 47 35
    2672 5 47 37
    2673 5 47 38
    2674 5 47 39
    2675 5 47 40
    2676 5 47 36
    2677 5 47 41
    2678 5 47 47
    2679 5 47 48
    2680 5 47 57
    2681 5 47 58
    2682 5 47 59
    2683 5 47 63
    2684 5 47 64
    2685 5 47 65
    2686 5 47 66
    2687 5 47 76
    2688 5 47 77
    2689 5 47 74
    2690 5 47 78
    2691 5 47 79
    2692 5 47 83
    2693 8 47 14
    2694 8 47 26
    2695 8 47 38
    2696 8 47 83
    2697 9 47 14
    2698 9 47 26
    2699 10 47 26
    2700 10 47 57
    2701 10 47 83
    2702 11 47 26
    2703 11 47 57
    2704 33 47 33
    2705 33 47 26
    2706 14 47 14
    2707 14 47 26
    2708 18 47 26
    2709 32 47 32
    2710 32 47 26
    2711 26 47 26
    2712 26 47 35
    2713 26 47 37
    2714 26 47 38
    2715 26 47 39
    2716 26 47 40
    2717 26 47 36
    2718 26 47 41
    2719 26 47 47
    2720 26 47 48
    2721 26 47 57
    2722 26 47 58
    2723 26 47 59
    2724 26 47 63
    2725 26 47 64
    2726 26 47 65
    2727 26 47 66
    2728 26 47 76
    2729 26 47 74
    2730 26 47 77
    2731 26 47 78
    2732 26 47 79
    2733 26 47 83
    2734 35 47 35
    2735 37 47 37
    2736 38 47 38
    2737 38 47 39
    2738 38 47 57
    2739 39 47 39
    2740 40 47 40
    2741 41 47 41
    2742 26 36 26
    2743 47 47 47
    2744 26 36 35
    2745 26 36 38
    2746 26 36 39
    2747 26 36 40
    2748 26 36 36
    2749 26 36 41
    2750 26 36 43
    2751 26 36 47
    2752 26 36 48
    2753 26 36 57
    2754 36 47 57
    2755 26 36 58
    2756 48 47 48
    2757 26 36 59
    2758 26 36 63
    2759 26 36 64
    2760 26 36 65
    2761 26 36 66
    2762 26 36 76
    2763 26 36 74
    2764 26 36 77
    2765 26 36 78
    2766 26 36 79
    2767 26 36 83
    2768 58 47 58
    2769 57 47 57
    2770 59 47 59
    2771 63 47 63
    2772 64 47 64
    2773 66 47 66
    2774 76 47 76
    2775 77 47 77
    2776 78 47 78
    2777 74 47 74
    2778 79 47 79
    2779 35 36 35
    2780 38 36 38
    2781 39 36 39
    2782 40 36 40
    2783 41 36 41
    2784 43 36 43
    2785 43 36 63
    2786 43 36 68
    2787 44 36 44
    2788 44 36 63
    2789 44 36 69
    2790 47 36 47
    2791 36 36 36
    2792 48 36 48
    2793 34 48 57
    2794 2 48 57
    2795 3 48 57
    2796 4 48 57
    2797 5 48 57
    2798 8 48 57
    2799 33 48 57
    2800 1 48 57
    2801 26 48 57
    2802 58 36 58
    2803 35 48 57
    2804 37 48 57
    2805 38 48 57
    2806 39 48 57
    2807 40 48 57
    2808 41 48 57
    2809 47 48 57
    2810 36 48 57
    2811 48 48 57
    2812 57 36 57
    2813 57 48 57
    2814 57 48 58
    2815 57 48 59
    2816 57 48 63
    2817 57 48 64
    2818 57 48 65
    2819 57 48 66
    2820 57 48 76
    2821 57 48 77
    2822 57 48 74
    2823 57 48 78
    2824 57 48 79
    2825 59 36 59
    2826 63 36 63
    2827 64 36 64
    2828 65 36 65
    2829 66 36 66
    2830 68 36 68
    2831 69 36 69
    2832 76 36 76
    2833 77 36 77
    2834 78 36 78
    2835 74 36 74
    2836 79 36 79
    2837 34 58 27
    2838 2 58 27
    2839 3 58 27
    2840 4 58 27
    2841 5 58 27
    2842 8 58 27
    2843 9 58 27
    2844 10 58 27
    2845 11 58 27
    2846 1 58 27
    2847 33 58 27
    2848 14 58 27
    2849 15 58 27
    2850 32 58 27
    2851 27 58 27
    2852 27 58 35
    2853 27 58 37
    2854 27 58 38
    2855 27 58 39
    2856 27 58 40
    2857 27 58 36
    2858 27 58 41
    2859 27 58 47
    2860 27 58 48
    2861 27 58 57
    2862 27 58 58
    2863 27 58 59
    2864 27 58 63
    2865 27 58 64
    2866 27 58 65
    2867 27 58 66
    2868 27 58 73
    2869 27 58 76
    2870 27 58 74
    2871 27 58 77
    2872 27 58 78
    2873 27 58 79
    2874 27 58 83
    2875 34 59 34
    2876 2 59 2
    2877 2 59 4
    2878 3 59 3
    2879 3 59 4
    2880 3 59 5
    2881 3 59 38
    2882 3 59 41
    2883 3 59 59
    2884 3 59 66
    2885 3 59 79
    2886 4 59 4
    2887 4 59 5
    2888 4 59 8
    2889 4 59 9
    2890 4 59 10
    2891 4 59 11
    2892 4 59 33
    2893 4 59 15
    2894 4 59 35
    2895 4 59 37
    2896 4 59 38
    2897 4 59 39
    2898 4 59 40
    2899 4 59 36
    2900 4 59 41
    2901 4 59 43
    2902 4 59 44
    2903 4 59 47
    2904 4 59 48
    2905 4 59 57
    2906 4 59 58
    2907 4 59 59
    2908 4 59 63
    2909 4 59 64
    2910 4 59 65
    2911 4 59 66
    2912 4 59 73
    2913 4 59 76
    2914 4 59 77
    2915 4 59 74
    2916 4 59 78
    2917 4 59 79
    2918 5 59 5
    2919 5 59 8
    2920 5 59 9
    2921 5 59 39
    2922 5 59 41
    2923 5 59 43
    2924 5 59 44
    2925 5 59 66
    2926 5 59 77
    2927 1 59 3
    2928 1 59 4
    2929 1 59 1
    2930 1 59 5
    2931 1 59 8
    2932 8 59 8
    2933 8 59 9
    2934 1 59 9
    2935 8 59 41
    2936 8 59 43
    2937 8 59 59
    2938 8 59 79
    2939 1 59 15
    2940 9 59 9
    2941 9 59 41
    2942 9 59 44
    2943 9 59 59
    2944 9 59 79
    2945 33 59 33
    2946 1 59 38
    2947 1 59 36
    2948 1 59 58
    2949 1 59 59
    2950 1 59 66
    2951 1 59 83
    2952 14 59 14
    2953 14 59 36
    2954 14 59 59
    2955 15 59 15
    2956 32 59 32
    2957 32 59 59
    2958 35 59 35
    2959 37 59 37
    2960 38 59 38
    2961 38 59 77
    2962 39 59 39
    2963 40 59 40
    2964 41 59 41
    2965 41 59 79
    2966 43 59 43
    2967 43 59 79
    2968 44 59 44
    2969 44 59 79
    2970 47 59 47
    2971 36 59 36
    2972 48 59 48
    2973 36 59 77
    2974 57 59 57
    2975 63 59 63
    2976 63 59 66
    2977 64 59 64
    2978 64 59 73
    2979 66 59 66
    2980 76 59 76
    2981 77 59 77
    2982 78 59 78
    2983 74 59 74
    2984 79 59 79
    2985 34 63 34
    2986 34 63 3
    2987 34 63 38
    2988 34 63 57
    2989 34 63 63
    2990 34 63 74
    2991 2 63 2
    2992 2 63 3
    2993 2 63 38
    2994 2 63 57
    2995 2 63 63
    2996 2 63 74
    2997 3 63 3
    2998 3 63 4
    2999 3 63 5
    3000 3 63 33
    3001 3 63 32
    3002 3 63 28
    3003 3 63 35
    3004 3 63 38
    3005 3 63 39
    3006 3 63 40
    3007 3 63 36
    3008 3 63 41
    3009 3 63 47
    3010 3 63 48
    3011 3 63 57
    3012 3 63 58
    3013 3 63 59
    3014 3 63 63
    3015 3 63 64
    3016 3 63 65
    3017 3 63 66
    3018 3 63 76
    3019 3 63 77
    3020 3 63 74
    3021 3 63 78
    3022 3 63 79
    3023 4 63 4
    3024 4 63 38
    3025 4 63 57
    3026 4 63 59
    3027 4 63 63
    3028 4 63 74
    3029 5 63 5
    3030 5 63 38
    3031 5 63 36
    3032 5 63 41
    3033 5 63 57
    3034 5 63 74
    3035 1 63 3
    3036 1 63 1
    3037 10 63 57
    3038 10 63 74
    3039 11 63 57
    3040 11 63 74
    3041 33 63 33
    3042 33 63 38
    3043 33 63 57
    3044 33 63 63
    3045 33 63 74
    3046 32 63 32
    3047 32 63 38
    3048 32 63 57
    3049 32 63 63
    3050 32 63 74
    3051 28 63 28
    3052 28 63 37
    3053 28 63 38
    3054 28 63 45
    3055 28 63 46
    3056 28 63 57
    3057 28 63 63
    3058 28 63 65
    3059 28 63 66
    3060 28 63 70
    3061 28 63 71
    3062 28 63 76
    3063 28 63 74
    3064 28 63 77
    3065 35 63 35
    3066 35 63 38
    3067 35 63 57
    3068 35 63 63
    3069 35 63 74
    3070 37 63 37
    3071 38 63 38
    3072 38 63 39
    3073 38 63 40
    3074 38 63 41
    3075 38 63 47
    3076 38 63 48
    3077 38 63 57
    3078 38 63 58
    3079 38 63 59
    3080 38 63 64
    3081 38 63 65
    3082 38 63 66
    3083 38 63 76
    3084 38 63 77
    3085 38 63 74
    3086 38 63 78
    3087 38 63 79
    3088 39 63 39
    3089 39 63 57
    3090 39 63 63
    3091 39 63 74
    3092 40 63 40
    3093 40 63 57
    3094 40 63 63
    3095 40 63 74
    3096 41 63 41
    3097 41 63 57
    3098 41 63 74
    3099 45 63 57
    3100 45 63 74
    3101 46 63 57
    3102 46 63 74
    3103 47 63 47
    3104 47 63 57
    3105 47 63 63
    3106 47 63 74
    3107 36 63 38
    3108 36 63 57
    3109 48 63 48
    3110 48 63 57
    3111 48 63 63
    3112 48 63 74
    3113 36 63 63
    3114 36 63 74
    3115 58 63 58
    3116 58 63 63
    3117 58 63 74
    3118 57 63 57
    3119 57 63 58
    3120 57 63 59
    3121 57 63 63
    3122 57 63 64
    3123 57 63 65
    3124 57 63 66
    3125 57 63 70
    3126 57 63 71
    3127 57 63 76
    3128 57 63 77
    3129 57 63 74
    3130 57 63 78
    3131 59 63 59
    3132 59 63 63
    3133 57 63 79
    3134 59 63 74
    3135 63 63 38
    3136 63 63 64
    3137 63 63 65
    3138 63 63 66
    3139 63 63 76
    3140 63 63 77
    3141 63 63 74
    3142 63 63 78
    3143 64 63 64
    3144 64 63 74
    3145 65 63 74
    3146 66 63 66
    3147 66 63 74
    3148 70 63 74
    3149 71 63 74
    3150 76 63 76
    3151 77 63 77
    3152 78 63 78
    3153 74 63 74
    3154 74 63 76
    3155 74 63 77
    3156 74 63 78
    3157 74 63 79
    3158 79 63 79
    3159 34 64 34
    3160 34 64 28
    3161 2 64 2
    3162 2 64 32
    3163 2 64 28
    3164 3 64 3
    3165 3 64 28
    3166 4 64 4
    3167 4 64 5
    3168 4 64 33
    3169 4 64 32
    3170 4 64 28
    3171 4 64 38
    3172 4 64 39
    3173 4 64 40
    3174 4 64 36
    3175 4 64 41
    3176 4 64 47
    3177 4 64 48
    3178 4 64 57
    3179 4 64 58
    3180 4 64 59
    3181 4 64 64
    3182 4 64 66
    3183 4 64 76
    3184 4 64 77
    3185 4 64 78
    3186 4 64 79
    3187 5 64 5
    3188 5 64 28
    3189 1 64 4
    3190 1 64 1
    3191 1 64 28
    3192 33 64 33
    3193 33 64 32
    3194 33 64 28
    3195 1 64 59
    3196 14 64 28
    3197 32 64 32
    3198 32 64 28
    3199 32 64 39
    3200 32 64 59
    3201 32 64 64
    3202 28 64 28
    3203 28 64 35
    3204 28 64 37
    3205 28 64 38
    3206 28 64 39
    3207 28 64 40
    3208 28 64 36
    3209 28 64 41
    3210 28 64 47
    3211 28 64 48
    3212 28 64 57
    3213 28 64 58
    3214 28 64 59
    3215 28 64 63
    3216 28 64 64
    3217 28 64 65
    3218 28 64 66
    3219 28 64 76
    3220 28 64 77
    3221 28 64 78
    3222 28 64 79
    3223 35 64 35
    3224 37 64 37
    3225 38 64 38
    3226 39 64 39
    3227 39 64 57
    3228 39 64 58
    3229 40 64 40
    3230 41 64 41
    3231 47 64 47
    3232 36 64 36
    3233 36 64 57
    3234 48 64 48
    3235 58 64 58
    3236 57 64 57
    3237 57 64 64
    3238 57 64 66
    3239 57 64 76
    3240 57 64 77
    3241 59 64 59
    3242 63 64 63
    3243 64 64 64
    3244 65 64 65
    3245 66 64 66
    3246 76 64 76
    3247 77 64 77
    3248 78 64 78
    3249 74 64 74
    3250 79 64 79
    3251 34 65 34
    3252 34 65 57
    3253 3 65 3
    3254 3 65 28
    3255 3 65 57
    3256 4 65 4
    3257 4 65 38
    3258 4 65 39
    3259 4 65 40
    3260 4 65 36
    3261 4 65 41
    3262 4 65 47
    3263 4 65 48
    3264 4 65 57
    3265 4 65 58
    3266 4 65 59
    3267 4 65 63
    3268 4 65 64
    3269 4 65 65
    3270 4 65 66
    3271 4 65 78
    3272 4 65 79
    3273 5 65 5
    3274 5 65 57
    3275 33 65 33
    3276 33 65 57
    3277 28 65 28
    3278 28 65 37
    3279 28 65 57
    3280 28 65 64
    3281 28 65 74
    3282 35 65 35
    3283 35 65 57
    3284 37 65 37
    3285 37 65 57
    3286 38 65 38
    3287 38 65 57
    3288 39 65 57
    3289 40 65 57
    3290 41 65 57
    3291 47 65 47
    3292 47 65 57
    3293 36 65 57
    3294 48 65 57
    3295 58 65 58
    3296 57 65 57
    3297 57 65 58
    3298 57 65 59
    3299 57 65 63
    3300 57 65 64
    3301 57 65 65
    3302 57 65 66
    3303 57 65 76
    3304 57 65 77
    3305 57 65 74
    3306 57 65 78
    3307 59 65 59
    3308 57 65 79
    3309 63 65 63
    3310 64 65 64
    3311 65 65 65
    3312 66 65 66
    3313 76 65 76
    3314 77 65 77
    3315 78 65 78
    3316 74 65 74
    3317 79 65 79
    3318 34 66 34
    3319 34 66 57
    3320 34 66 58
    3321 2 66 2
    3322 2 66 57
    3323 2 66 58
    3324 3 66 3
    3325 3 66 57
    3326 3 66 58
    3327 3 66 59
    3328 4 66 4
    3329 4 66 28
    3330 4 66 39
    3331 4 66 57
    3332 4 66 58
    3333 4 66 59
    3334 4 66 65
    3335 4 66 74
    3336 4 66 79
    3337 5 66 5
    3338 5 66 57
    3339 5 66 58
    3340 5 66 59
    3341 1 66 1
    3342 33 66 33
    3343 33 66 57
    3344 33 66 58
    3345 1 66 57
    3346 1 66 58
    3347 32 66 32
    3348 32 66 57
    3349 32 66 58
    3350 32 66 59
    3351 32 66 74
    3352 28 66 28
    3353 28 66 37
    3354 28 66 57
    3355 28 66 58
    3356 28 66 74
    3357 35 66 35
    3358 35 66 57
    3359 35 66 58
    3360 37 66 37
    3361 37 66 57
    3362 38 66 38
    3363 38 66 57
    3364 38 66 58
    3365 39 66 39
    3366 39 66 47
    3367 39 66 57
    3368 39 66 58
    3369 39 66 59
    3370 39 66 74
    3371 40 66 40
    3372 40 66 57
    3373 40 66 58
    3374 40 66 59
    3375 41 66 41
    3376 41 66 57
    3377 41 66 58
    3378 41 66 59
    3379 47 66 47
    3380 47 66 57
    3381 47 66 58
    3382 47 66 59
    3383 36 66 39
    3384 36 66 36
    3385 36 66 57
    3386 36 66 58
    3387 48 66 48
    3388 48 66 57
    3389 48 66 58
    3390 48 66 59
    3391 36 66 59
    3392 58 66 58
    3393 58 66 59
    3394 58 66 63
    3395 58 66 64
    3396 58 66 65
    3397 58 66 66
    3398 58 66 76
    3399 58 66 77
    3400 58 66 74
    3401 58 66 78
    3402 58 66 79
    3403 57 66 57
    3404 57 66 58
    3405 57 66 59
    3406 57 66 63
    3407 57 66 64
    3408 57 66 65
    3409 57 66 66
    3410 57 66 76
    3411 57 66 77
    3412 57 66 74
    3413 57 66 78
    3414 59 66 59
    3415 59 66 64
    3416 59 66 66
    3417 59 66 76
    3418 59 66 77
    3419 57 66 79
    3420 59 66 74
    3421 59 66 78
    3422 59 66 79
    3423 63 66 63
    3424 64 66 64
    3425 65 66 65
    3426 66 66 66
    3427 77 66 77
    3428 78 66 78
    3429 78 66 79
    3430 74 66 74
    3431 79 66 79
    3432 9 68 36
    3433 9 68 41
    3434 8 69 36
    3435 8 69 41
    3436 3 70 5
    3437 3 70 10
    3438 3 70 12
    3439 3 70 38
    3440 3 70 45
    3441 3 70 57
    3442 3 70 63
    3443 3 70 70
    3444 3 70 72
    3445 3 70 73
    3446 3 70 74
    3447 3 70 82
    3448 3 70 83
    3449 5 70 38
    3450 5 70 57
    3451 5 70 63
    3452 5 70 71
    3453 5 70 74
    3454 1 70 3
    3455 10 70 38
    3456 10 70 57
    3457 10 70 63
    3458 10 70 74
    3459 12 70 38
    3460 12 70 57
    3461 12 70 63
    3462 12 70 74
    3463 38 70 38
    3464 38 70 45
    3465 38 70 57
    3466 38 70 63
    3467 38 70 70
    3468 38 70 72
    3469 38 70 73
    3470 38 70 74
    3471 38 70 82
    3472 38 70 83
    3473 45 70 57
    3474 45 70 63
    3475 45 70 74
    3476 57 70 57
    3477 57 70 63
    3478 57 70 70
    3479 57 70 72
    3480 57 70 73
    3481 57 70 74
    3482 57 70 82
    3483 57 70 83
    3484 63 70 70
    3485 63 70 72
    3486 63 70 73
    3487 63 70 74
    3488 63 70 82
    3489 63 70 83
    3490 70 70 74
    3491 72 70 74
    3492 73 70 74
    3493 74 70 74
    3494 74 70 82
    3495 74 70 83
    3496 3 71 5
    3497 3 71 11
    3498 3 71 13
    3499 3 71 38
    3500 3 71 46
    3501 3 71 57
    3502 3 71 63
    3503 3 71 71
    3504 3 71 72
    3505 3 71 73
    3506 3 71 74
    3507 3 71 82
    3508 3 71 83
    3509 5 71 38
    3510 5 71 57
    3511 5 71 63
    3512 5 71 70
    3513 5 71 74
    3514 1 71 3
    3515 11 71 38
    3516 11 71 57
    3517 11 71 63
    3518 11 71 74
    3519 13 71 38
    3520 13 71 57
    3521 13 71 63
    3522 13 71 74
    3523 38 71 38
    3524 38 71 46
    3525 38 71 57
    3526 38 71 63
    3527 38 71 71
    3528 38 71 72
    3529 38 71 73
    3530 38 71 74
    3531 38 71 82
    3532 38 71 83
    3533 46 71 57
    3534 46 71 63
    3535 46 71 74
    3536 57 71 57
    3537 57 71 63
    3538 57 71 71
    3539 57 71 72
    3540 57 71 73
    3541 57 71 74
    3542 57 71 82
    3543 57 71 83
    3544 63 71 71
    3545 63 71 72
    3546 63 71 73
    3547 63 71 74
    3548 63 71 82
    3549 63 71 83
    3550 71 71 74
    3551 72 71 74
    3552 73 71 74
    3553 74 71 74
    3554 74 71 82
    3555 74 71 83
    3556 4 72 5
    3557 4 72 10
    3558 4 72 11
    3559 4 72 45
    3560 4 72 46
    3561 4 72 57
    3562 4 72 70
    3563 4 72 71
    3564 4 72 73
    3565 4 72 82
    3566 4 72 83
    3567 5 72 5
    3568 5 72 57
    3569 1 72 4
    3570 10 72 10
    3571 10 72 57
    3572 11 72 11
    3573 11 72 57
    3574 1 72 57
    3575 45 72 45
    3576 45 72 57
    3577 46 72 46
    3578 46 72 57
    3579 57 72 70
    3580 57 72 71
    3581 57 72 73
    3582 57 72 82
    3583 57 72 83
    3584 70 72 70
    3585 71 72 71
    3586 73 72 73
    3587 82 72 82
    3588 83 72 83
    3589 4 73 40
    3590 4 73 41
    3591 4 73 57
    3592 4 73 58
    3593 4 73 59
    3594 4 73 72
    3595 4 73 73
    3596 4 73 82
    3597 5 73 5
    3598 5 73 57
    3599 5 73 58
    3600 5 73 59
    3601 1 73 4
    3602 1 73 1
    3603 10 73 10
    3604 10 73 57
    3605 10 73 58
    3606 10 73 59
    3607 11 73 11
    3608 11 73 57
    3609 11 73 58
    3610 11 73 59
    3611 1 73 57
    3612 1 73 58
    3613 1 73 59
    3614 39 73 45
    3615 40 73 57
    3616 40 73 73
    3617 41 73 57
    3618 41 73 73
    3619 45 73 45
    3620 45 73 57
    3621 45 73 58
    3622 45 73 59
    3623 46 73 46
    3624 46 73 57
    3625 46 73 58
    3626 46 73 59
    3627 58 73 58
    3628 58 73 70
    3629 58 73 71
    3630 58 73 72
    3631 58 73 73
    3632 58 73 82
    3633 58 73 83
    3634 57 73 58
    3635 57 73 59
    3636 57 73 70
    3637 57 73 71
    3638 57 73 72
    3639 57 73 73
    3640 59 73 59
    3641 59 73 73
    3642 59 73 82
    3643 59 73 83
    3644 57 73 82
    3645 57 73 83
    3646 70 73 70
    3647 71 73 71
    3648 73 73 73
    3649 73 73 82
    3650 83 73 83
    3651 2 75 57
    3652 3 75 38
    3653 3 75 57
    3654 33 75 37
    3655 32 75 37
    3656 37 75 57
    3657 38 75 57
    3658 57 75 57
    3659 57 75 74
    3660 74 75 74
    3661 34 76 34
    3662 34 76 4
    3663 34 76 57
    3664 2 76 2
    3665 2 76 57
    3666 3 76 3
    3667 3 76 4
    3668 3 76 57
    3669 4 76 4
    3670 4 76 5
    3671 4 76 32
    3672 4 76 29
    3673 4 76 35
    3674 4 76 38
    3675 4 76 39
    3676 4 76 36
    3677 4 76 40
    3678 4 76 41
    3679 4 76 47
    3680 4 76 48
    3681 4 76 57
    3682 4 76 58
    3683 4 76 59
    3684 4 76 63
    3685 4 76 64
    3686 4 76 65
    3687 4 76 66
    3688 4 76 76
    3689 4 76 74
    3690 4 76 77
    3691 4 76 78
    3692 4 76 79
    3693 5 76 5
    3694 5 76 57
    3695 1 76 4
    3696 1 76 1
    3697 33 76 33
    3698 33 76 57
    3699 1 76 57
    3700 14 76 14
    3701 14 76 57
    3702 32 76 32
    3703 32 76 57
    3704 32 76 74
    3705 29 76 29
    3706 29 76 37
    3707 29 76 57
    3708 35 76 35
    3709 35 76 57
    3710 37 76 37
    3711 37 76 57
    3712 38 76 38
    3713 38 76 57
    3714 39 76 39
    3715 39 76 57
    3716 40 76 40
    3717 40 76 57
    3718 41 76 41
    3719 41 76 57
    3720 47 76 47
    3721 47 76 57
    3722 36 76 36
    3723 36 76 57
    3724 48 76 48
    3725 48 76 57
    3726 58 76 58
    3727 57 76 57
    3728 57 76 58
    3729 57 76 59
    3730 57 76 63
    3731 57 76 64
    3732 57 76 65
    3733 57 76 66
    3734 57 76 76
    3735 57 76 74
    3736 57 76 77
    3737 57 76 78
    3738 59 76 59
    3739 57 76 79
    3740 63 76 63
    3741 64 76 64
    3742 66 76 66
    3743 76 76 76
    3744 76 76 77
    3745 77 76 77
    3746 78 76 78
    3747 78 76 79
    3748 74 76 74
    3749 79 76 79
    3750 34 77 34
    3751 34 77 4
    3752 34 77 32
    3753 34 77 57
    3754 2 77 2
    3755 2 77 57
    3756 3 77 3
    3757 3 77 4
    3758 3 77 57
    3759 4 77 4
    3760 4 77 5
    3761 4 77 15
    3762 4 77 32
    3763 4 77 29
    3764 4 77 35
    3765 4 77 38
    3766 4 77 39
    3767 4 77 36
    3768 4 77 40
    3769 4 77 41
    3770 4 77 47
    3771 4 77 48
    3772 4 77 57
    3773 4 77 58
    3774 4 77 59
    3775 4 77 63
    3776 4 77 64
    3777 4 77 65
    3778 4 77 66
    3779 4 77 76
    3780 4 77 74
    3781 4 77 77
    3782 4 77 78
    3783 4 77 79
    3784 5 77 5
    3785 5 77 57
    3786 1 77 4
    3787 1 77 1
    3788 8 77 57
    3789 33 77 33
    3790 33 77 32
    3791 33 77 57
    3792 1 77 57
    3793 1 77 59
    3794 14 77 14
    3795 15 77 57
    3796 32 77 32
    3797 32 77 57
    3798 29 77 29
    3799 29 77 37
    3800 29 77 57
    3801 35 77 35
    3802 35 77 57
    3803 37 77 37
    3804 37 77 57
    3805 38 77 38
    3806 38 77 57
    3807 38 77 58
    3808 38 77 59
    3809 39 77 39
    3810 39 77 57
    3811 39 77 59
    3812 40 77 40
    3813 40 77 57
    3814 41 77 41
    3815 41 77 57
    3816 47 77 47
    3817 47 77 57
    3818 36 77 36
    3819 36 77 57
    3820 48 77 48
    3821 48 77 57
    3822 36 77 59
    3823 58 77 58
    3824 58 77 59
    3825 58 77 63
    3826 57 77 57
    3827 57 77 58
    3828 57 77 59
    3829 57 77 63
    3830 57 77 64
    3831 57 77 65
    3832 57 77 66
    3833 57 77 76
    3834 57 77 74
    3835 57 77 77
    3836 57 77 78
    3837 59 77 59
    3838 57 77 79
    3839 64 77 64
    3840 66 77 66
    3841 76 77 76
    3842 76 77 77
    3843 77 77 77
    3844 78 77 78
    3845 78 77 79
    3846 74 77 74
    3847 79 77 79
    3848 34 78 29
    3849 2 78 29
    3850 3 78 29
    3851 4 78 29
    3852 5 78 29
    3853 8 78 29
    3854 1 78 29
    3855 32 78 29
    3856 29 78 29
    3857 29 78 35
    3858 29 78 37
    3859 29 78 38
    3860 29 78 36
    3861 29 78 39
    3862 29 78 40
    3863 29 78 41
    3864 29 78 47
    3865 29 78 48
    3866 29 78 57
    3867 29 78 58
    3868 29 78 59
    3869 29 78 63
    3870 29 78 64
    3871 29 78 65
    3872 29 78 66
    3873 29 78 74
    3874 29 78 76
    3875 29 78 77
    3876 29 78 78
    3877 29 78 79
    3878 34 79 34
    3879 34 79 4
    3880 2 79 2
    3881 2 79 4
    3882 3 79 3
    3883 3 79 4
    3884 3 79 15
    3885 3 79 38
    3886 3 79 41
    3887 3 79 59
    3888 3 79 79
    3889 4 79 4
    3890 4 79 5
    3891 4 79 8
    3892 4 79 9
    3893 4 79 33
    3894 4 79 15
    3895 4 79 32
    3896 4 79 35
    3897 4 79 37
    3898 4 79 38
    3899 4 79 39
    3900 4 79 36
    3901 4 79 40
    3902 4 79 41
    3903 4 79 47
    3904 4 79 48
    3905 4 79 57
    3906 4 79 58
    3907 4 79 59
    3908 4 79 63
    3909 4 79 64
    3910 4 79 65
    3911 4 79 66
    3912 4 79 76
    3913 4 79 74
    3914 4 79 77
    3915 4 79 78
    3916 4 79 79
    3917 5 79 5
    3918 5 79 8
    3919 5 79 9
    3920 5 79 33
    3921 5 79 36
    3922 5 79 41
    3923 5 79 43
    3924 5 79 44
    3925 5 79 79
    3926 1 79 3
    3927 1 79 4
    3928 1 79 1
    3929 1 79 8
    3930 8 79 8
    3931 8 79 9
    3932 8 79 36
    3933 8 79 41
    3934 8 79 43
    3935 8 79 59
    3936 8 79 79
    3937 9 79 9
    3938 9 79 36
    3939 9 79 41
    3940 9 79 44
    3941 9 79 59
    3942 9 79 79
    3943 33 79 33
    3944 14 79 14
    3945 32 79 32
    3946 32 79 79
    3947 35 79 35
    3948 37 79 37
    3949 38 79 38
    3950 39 79 39
    3951 40 79 40
    3952 41 79 41
    3953 43 79 43
    3954 44 79 44
    3955 47 79 47
    3956 36 79 36
    3957 48 79 48
    3958 58 79 58
    3959 57 79 57
    3960 57 79 66
    3961 57 79 77
    3962 59 79 59
    3963 57 79 79
    3964 63 79 63
    3965 64 79 64
    3966 66 79 66
    3967 76 79 76
    3968 76 79 77
    3969 77 79 77
    3970 78 79 78
    3971 78 79 79
    3972 74 79 74
    3973 79 79 79
    3974 4 82 5
    3975 4 82 8
    3976 4 82 10
    3977 4 82 11
    3978 4 82 45
    3979 4 82 46
    3980 4 82 57
    3981 4 82 70
    3982 4 82 71
    3983 4 82 72
    3984 4 82 73
    3985 4 82 82
    3986 4 82 83
    3987 5 82 5
    3988 5 82 57
    3989 1 82 4
    3990 1 82 1
    3991 8 82 57
    3992 10 82 10
    3993 10 82 57
    3994 11 82 11
    3995 11 82 57
    3996 1 82 57
    3997 45 82 45
    3998 45 82 57
    3999 46 82 46
    4000 46 82 57
    4001 57 82 70
    4002 57 82 71
    4003 57 82 72
    4004 57 82 73
    4005 57 82 82
    4006 57 82 83
    4007 70 82 70
    4008 71 82 71
    4009 73 82 73
    4010 82 82 82
    4011 83 82 83
    4012 4 83 5
    4013 4 83 8
    4014 4 83 10
    4015 4 83 11
    4016 4 83 45
    4017 4 83 46
    4018 4 83 57
    4019 4 83 70
    4020 4 83 71
    4021 4 83 72
    4022 4 83 73
    4023 4 83 82
    4024 4 83 83
    4025 5 83 5
    4026 5 83 8
    4027 5 83 39
    4028 5 83 36
    4029 5 83 45
    4030 5 83 47
    4031 5 83 57
    4032 5 83 58
    4033 5 83 59
    4034 1 83 4
    4035 1 83 1
    4036 8 83 39
    4037 8 83 57
    4038 9 83 39
    4039 9 83 47
    4040 9 83 57
    4041 10 83 10
    4042 10 83 57
    4043 11 83 11
    4044 11 83 57
    4045 1 83 57
    4046 32 83 57
    4047 38 83 57
    4048 39 83 45
    4049 39 83 57
    4050 41 83 41
    4051 43 83 43
    4052 44 83 44
    4053 45 83 45
    4054 45 83 57
    4055 46 83 46
    4056 46 83 57
    4057 47 83 57
    4058 36 83 57
    4059 57 83 57
    4060 57 83 58
    4061 57 83 59
    4062 57 83 70
    4063 57 83 71
    4064 57 83 72
    4065 57 83 73
    4066 57 83 82
    4067 57 83 83
    4068 73 83 73
    4069 82 83 82
    4070 83 83 83
    4071 3 2 11
    4072 4 2 13
    4073 46 2 74
    4074 34 3 11
    4075 9 3 22
    4076 9 3 47
    4077 9 3 57
    4078 11 3 33
    4079 11 3 22
    4080 11 3 41
    4081 11 3 47
    4082 11 3 48
    4083 11 3 57
    4084 11 3 58
    4085 11 3 59
    4086 22 3 46
    4087 23 3 46
    4088 46 3 59
    4089 46 3 79
    4090 36 3 46
    4091 5 4 11
    4092 9 4 14
    4093 1 4 11
    4094 9 4 31
    4095 9 4 38
    4096 9 4 40
    4097 9 4 41
    4098 9 4 66
    4099 11 4 11
    4100 11 4 36
    4101 11 4 58
    4102 11 4 59
    4103 11 4 79
    4104 9 5 7
    4105 11 5 41
    4106 13 5 7
    4107 33 5 7
    4108 7 5 32
    4109 7 5 22
    4110 7 5 41
    4111 7 5 42
    4112 7 5 47
    4113 7 5 58
    4114 7 5 79
    4115 5 1 46
    4116 34 9 1
    4117 34 9 9
    4118 34 9 8
    4119 34 9 41
    4120 5 9 11
    4121 5 9 47
    4122 9 1 11
    4123 9 9 32
    4124 1 9 13
    4125 9 9 83
    4126 8 9 32
    4127 8 9 48
    4128 1 9 32
    4129 13 9 41
    4130 13 9 79
    4131 9 1 22
    4132 33 9 41
    4133 33 9 79
    4134 1 9 46
    4135 9 1 74
    4136 9 1 79
    4137 14 9 43
    4138 14 9 59
    4139 8 1 14
    4140 8 1 43
    4141 11 1 14
    4142 11 1 22
    4143 11 1 79
    4144 41 9 48
    4145 41 9 58
    4146 41 9 82
    4147 41 9 83
    4148 44 9 48
    4149 43 9 43
    4150 43 9 46
    4151 43 9 48
    4152 43 9 78
    4153 43 9 82
    4154 43 9 83
    4155 46 9 79
    4156 36 9 38
    4157 48 9 59
    4158 48 9 79
    4159 5 8 11
    4160 5 8 41
    4161 9 8 12
    4162 9 8 15
    4163 9 8 44
    4164 8 8 15
    4165 11 8 43
    4166 1 8 22
    4167 41 8 47
    4168 41 8 79
    4169 43 8 43
    4170 58 8 59
    4171 3 11 33
    4172 3 11 22
    4173 3 11 37
    4174 3 11 41
    4175 3 11 58
    4176 4 11 13
    4177 4 11 45
    4178 4 11 47
    4179 5 11 11
    4180 5 11 33
    4181 5 11 22
    4182 5 11 47
    4183 5 11 59
    4184 5 11 79
    4185 1 11 5
    4186 9 11 8
    4187 1 11 11
    4188 1 11 13
    4189 9 11 22
    4190 1 11 33
    4191 9 11 47
    4192 1 11 15
    4193 11 11 33
    4194 11 11 58
    4195 10 11 15
    4196 10 11 22
    4197 10 11 37
    4198 10 11 47
    4199 13 11 38
    4200 1 11 58
    4201 1 11 59
    4202 22 11 37
    4203 22 11 46
    4204 38 11 59
    4205 38 11 79
    4206 46 11 47
    4207 45 11 47
    4208 5 10 9
    4209 1 10 8
    4210 1 10 38
    4211 22 10 46
    4212 2 13 9
    4213 13 12 12
    4214 36 1 46
    4215 5 7 41
    4216 42 7 42
    4217 9 14 25
    4218 11 15 20
    4219 11 15 36
    4220 11 15 79
    4221 9 38 41
    4222 9 38 47
    4223 4 40 9
    4224 4 41 7
    4225 5 41 7
    4226 9 41 11
    4227 7 42 42
    4228 1 36 11
    4229 5 43 44
    4230 3 46 13
    4231 1 46 83
    4232 4 47 10
    4233 9 47 38
    4234 9 47 83
    4235 11 47 83
    4236 26 36 44
    4237 9 48 57
    4238 39 73 46
    4239 9 77 57
    4240 9 78 29
    4241 1 79 9
    4242 4 82 9
    4243 9 82 57
    4244 4 83 9
    4245 5 83 9
    4246 5 83 46
    4247 8 83 47
    4248 39 83 46
    4249 33 73 45
    4250 10 10 47
    4251 6 5 59
    4252 5 8 5
    4253 19 4 35
    4254 22 3 22
    4255 1 79 79
    4256 32 73 45
    4257 5 47 10
    4258 10 14 14
    4259 73 45 73
    4260 1 9 79
    4261 74 66 79
    4262 14 4 47
    4263 8 8 33
    4264 9 41 14
    4265 19 15 47
    4266 23 1 59
    4267 3 4 40
    4268 3 14 4
    4269 4 3 14
    4270 34 14 14
    4271 8 11 13
    4272 4 4 82
    4273 5 15 25
    4274 14 2 37
    4275 33 73 33
    4276 3 10 14
    4277 4 1 14
    4278 11 8 59
    4279 9 9 33
    4280 4 73 5
    4281 4 4 73
    4282 4 73 74
    4283 5 1 14
    4284 10 10 59
    4285 4 40 14
    4286 22 10 83
    4287 31 15 40
    4288 15 48 57
    4289 8 9 14
    4290 5 42 41
    4291 33 4 15
    4292 32 3 22
    4293 5 73 74
    4294 33 4 14
    4295 5 47 15
    4296 15 15 48
    4297 10 37 37
    4298 15 15 31
    4299 10 36 26
    4300 4 14 16
    4301 11 11 45
    4302 32 66 41
    4303 10 48 57
    4304 22 10 47
    4305 45 1 74
    4306 5 59 73
    4307 11 10 33
    4308 15 15 40
    4309 41 8 78
    4310 42 41 57
    4311 1 14 39
    4312 9 15 25
    4313 32 4 48
    4314 10 9 41
    4315 7 6 7
    4316 59 73 74
    4317 1 4 15
    4318 15 3 24
    4319 6 7 6
    4320 14 16 14
    4321 16 3 24
    4322 9 10 12
    4323 11 45 45
    4324 4 3 48
    4325 32 15 32
    4326 3 15 25
    4327 4 3 15
    4328 1 10 22
    4329 11 8 36
    4330 9 8 35
    4331 10 11 33
    4332 33 4 66
    4333 3 4 48
    4334 10 46 46
    4335 2 4 14
    4336 10 4 20
    4337 41 9 41
    4338 14 14 40
    4339 2 14 25
    4340 12 5 42
    4341 10 3 32
    4342 6 5 7
    4343 33 73 46
    4344 15 15 35
    4345 5 4 15
    4346 13 9 44
    4347 19 15 79
    4348 23 8 38
    4349 8 41 15
    4350 1 4 48
    4351 4 73 4
    4352 31 4 39
    4353 11 11 47
    4354 4 39 73
    4355 23 3 59
    4356 8 4 10
    4357 40 4 66
    4358 45 9 79
    4359 41 9 45
    4360 33 4 21
    4361 23 1 74
    4362 11 10 79
    4363 4 3 32
    4364 22 3 58
    4365 45 10 46
    4366 8 36 9
    4367 32 73 32
    4368 36 8 59
    4369 7 6 42
    4370 1 1 74
    4371 11 10 59
    4372 34 10 3
    4373 6 42 41
    4374 36 77 58
    4375 9 4 20
    4376 42 5 83
    4377 41 83 57
    4378 31 14 31
    4379 9 11 45
    4380 23 1 58
    4381 15 36 15
    4382 34 4 48
    4383 10 76 79
    4384 3 79 76
    4385 4 47 57
    4386 34 8 79
    4387 1 10 79
    4388 4 36 39
    4389 23 5 41
    4390 38 47 58
    4391 3 4 66
    4392 4 14 47
    4393 3 8 79
    4394 1 5 41
    4395 33 3 38
    4396 38 76 45
    4397 43 1 74
    4398 57 83 79
    4399 3 10 79
    4400 4 14 5
    4401 8 8 46
    4402 5 44 9
    4403 8 38 58
    4404 5 59 83
    4405 31 4 66
    4406 5 10 36
    4407 22 10 82
    4408 4 10 45
    4409 2 37 10
    4410 4 38 9
    4411 8 4 20
    4412 5 10 12
    4413 3 8 41
    4414 5 4 76
    4415 38 11 46
    4416 10 11 79
    4417 4 14 79
    4418 47 10 47
    4419 9 1 45
    4420 41 4 79
    4421 11 11 59
    4422 14 4 20
    4423 17 79 15
    4424 79 15 79
    4425 10 14 59
    4426 42 5 45
    4427 34 5 42
    4428 4 47 59
    4429 3 47 66
    4430 34 5 6
    4431 8 10 8
    4432 4 47 77
    4433 14 4 41
    4434 5 59 64
    4435 10 11 83
    4436 5 38 37
    4437 9 9 48
    4438 41 38 59
    4439 10 4 32
    4440 14 8 41
    4441 36 38 41
    4442 4 11 8
    4443 5 41 15
    4444 19 4 73
    4445 15 77 15
    4446 10 10 76
    4447 4 64 15
    4448 20 14 59
    4449 1 1 10
    4450 10 15 19
    4451 14 4 79
    4452 12 10 79
    4453 34 15 15
    4454 1 15 33
    4455 1 14 36
    4456 34 4 32
    4457 4 40 15
    4458 10 17 79
    4459 8 9 35
    4460 3 79 5
    4461 1 14 10
    4462 15 47 15
    4463 14 1 22
    4464 1 40 4
    4465 32 15 73
    4466 38 4 79
    4467 4 79 11
    4468 10 15 25
    4469 34 8 43
    4470 21 4 36
    4471 5 45 9
    4472 14 36 15
    4473 33 4 76
    4474 6 7 42
    4475 8 9 57
    4476 31 15 31
    4477 8 41 83
    4478 19 15 41
    4479 22 11 83
    4480 1 66 4
    4481 5 1 43
    4482 4 59 83
    4483 9 45 83
    4484 14 5 42
    4485 43 79 79
    4486 28 66 59
    4487 5 36 58
    4488 4 77 45
    4489 2 14 19
    4490 41 4 58
    4491 36 43 44
    4492 4 41 42
    4493 45 1 59
    4494 34 10 10
    4495 8 3 58
    4496 2 14 59
    4497 43 8 59
    4498 34 10 11
    4499 15 4 32
    4500 23 10 45
    4501 39 73 39
    4502 34 8 5
    4503 32 4 41
    4504 8 4 76
    4505 10 11 82
    4506 8 8 35
    4507 1 12 13
    4508 10 4 31
    4509 9 41 15
    4510 34 4 3
    4511 10 10 12
    4512 33 9 44
    4513 36 5 41
    4514 14 9 44
    4515 33 66 59
    4516 14 79 15
    4517 8 12 13
    4518 8 83 58
    4519 7 5 59
    4520 5 9 5
    4521 32 73 46
    4522 5 47 11
    4523 11 14 14
    4524 73 46 73
    4525 1 8 79
    4526 8 41 14
    4527 3 11 14
    4528 10 9 59
    4529 9 8 14
    4530 11 37 37
    4531 11 36 26
    4532 10 10 46
    4533 11 48 57
    4534 22 11 47
    4535 46 1 74
    4536 41 9 78
    4537 8 15 25
    4538 11 8 41
    4539 1 11 22
    4540 10 9 36
    4541 11 4 20
    4542 41 8 41
    4543 13 5 42
    4544 11 3 32
    4545 12 8 43
    4546 23 9 38
    4547 9 4 11
    4548 46 8 79
    4549 41 8 46
    4550 46 11 45
    4551 36 9 59
    4552 10 11 59
    4553 34 11 3
    4554 7 42 41
    4555 8 10 46
    4556 11 76 79
    4557 34 9 79
    4558 1 11 79
    4559 3 9 79
    4560 38 76 46
    4561 44 1 74
    4562 3 11 79
    4563 9 9 45
    4564 5 43 8
    4565 9 38 58
    4566 5 11 36
    4567 22 11 82
    4568 4 11 46
    4569 2 37 11
    4570 4 38 8
    4571 5 11 13
    4572 3 9 41
    4573 38 10 45
    4574 47 11 47
    4575 8 1 46
    4576 11 14 59
    4577 42 5 46
    4578 34 5 7
    4579 9 11 9
    4580 11 10 83
    4581 8 8 48
    4582 11 4 32
    4583 14 9 41
    4584 4 10 9
    4585 11 11 76
    4586 1 1 11
    4587 11 15 19
    4588 13 11 79
    4589 11 17 79
    4590 1 14 11
    4591 4 79 10
    4592 11 15 25
    4593 34 9 44
    4594 5 46 8
    4595 9 8 57
    4596 9 41 83
    4597 5 1 44
    4598 8 46 83
    4599 44 79 79
    4600 4 77 46
    4601 36 44 43
    4602 46 1 59
    4603 34 11 11
    4604 9 3 58
    4605 44 9 59
    4606 34 11 10
    4607 23 11 46
    4608 34 9 5
    4609 9 4 76
    4610 11 10 82
    4611 9 9 35
    4612 1 13 12
    4613 11 4 31
    4614 11 11 13
    4615 33 8 43
    4616 14 8 43
    4617 9 13 12
    4618 9 83 58
    4619 14 14 60
    4620 19 14 60
    4621 4 14 60
    4622 50 1 57
    4623 1 50 15
    4624 19 14 55
    4625 14 60 14
    4626 15 15 50
    4627 15 1 50
    4628 19 14 53
    4629 19 15 50
    4630 10 50 15
    4631 1 50 10
    4632 1 10 50
    4633 14 14 55
    4634 4 15 50
    4635 3 10 50
    4636 20 15 50
    4637 14 14 53
    4638 50 15 79
    4639 1 14 60
    4640 14 55 14
    4641 14 55 66
    4642 19 4 50
    4643 19 15 56
    4644 1 50 4
    4645 4 50 15
    4646 14 53 14
    4647 4 4 50
    4648 11 10 50
    4649 1 4 50
    4650 8 53 14
    4651 4 55 14
    4652 19 4 55
    4653 4 14 55
    4654 15 15 56
    4655 5 15 15
    4656 10 3 14
    4657 55 66 57
    4658 5 53 14
    4659 15 15 61
    4660 3 14 60
    4661 19 4 56
    4662 19 15 61
    4663 4 15 61
    4664 4 56 15
    4665 14 14 36
    4666 55 66 55
    4667 9 8 53
    4668 1 8 53
    4669 50 77 57
    4670 10 15 50
    4671 10 1 50
    4672 19 15 54
    4673 42 5 53
    4674 9 53 14
    4675 15 56 15
    4676 14 55 26
    4677 4 4 55
    4678 33 66 56
    4679 39 66 55
    4680 31 4 51
    4681 4 4 56
    4682 15 56 26
    4683 57 1 61
    4684 74 66 81
    4685 4 51 14
    4686 31 14 51
    4687 5 5 54
    4688 5 14 60
    4689 15 61 15
    4690 45 73 55
    4691 14 55 73
    4692 19 14 49
    4693 20 15 81
    4694 1 61 15
    4695 50 15 77
    4696 10 4 14
    4697 15 1 61
    4698 5 5 53
    4699 36 66 55
    4700 14 14 79
    4701 31 15 52
    4702 1 10 14
    4703 5 54 15
    4704 10 11 50
    4705 15 15 54
    4706 1 11 50
    4707 11 50 15
    4708 1 50 11
    4709 55 66 74
    4710 15 50 77
    4711 1 50 77
    4712 14 14 50
    4713 8 9 53
    4714 1 9 53
    4715 3 10 15
    4716 4 15 56
    4717 50 15 59
    4718 10 15 15
    4719 10 10 14
    4720 3 53 14
    4721 33 66 54
    4722 4 66 81
    4723 15 40 26
    4724 1 14 55
    4725 1 14 1
    4726 4 15 17
    4727 1 10 17
    4728 4 15 10
    4729 50 77 58
    4730 10 3 15
    4731 1 49 14
    4732 14 14 49
    4733 14 14 51
    4734 15 50 15
    4735 1 15 39
    4736 19 15 81
    4737 5 5 50
    4738 15 15 52
    4739 4 15 5
    4740 81 66 81
    4741 66 81 66
    4742 15 15 47
    4743 14 4 32
    4744 5 14 5
    4745 15 52 15
    4746 17 81 15
    4747 4 14 53
    4748 9 9 14
    4749 10 14 60
    4750 14 14 58
    4751 33 15 81
    4752 33 15 33
    4753 47 66 55
    4754 20 15 20
    4755 1 50 14
    4756 32 15 76
    4757 15 52 26
    4758 15 17 15
    4759 4 56 66
    4760 3 17 15
    4761 15 54 15
    4762 16 4 25
    4763 57 66 61
    4764 32 15 64
    4765 14 50 15
    4766 1 14 50
    4767 34 14 34
    4768 3 4 50
    4769 15 50 26
    4770 1 50 26
    4771 4 14 10
    4772 4 59 14
    4773 1 59 14
    4774 1 1 14
    4775 14 3 38
    4776 10 14 19
    4777 4 4 51
    4778 60 14 59
    4779 3 15 58
    4780 10 17 81
    4781 15 64 15
    4782 64 15 64
    4783 14 14 35
    4784 10 3 53
    4785 4 3 53
    4786 1 15 61
    4787 14 48 57
    4788 14 14 20
    4789 15 76 57
    4790 81 15 81
    4791 17 14 14
    4792 50 66 50
    4793 33 14 60
    4794 20 15 41
    4795 41 15 61
    4796 20 15 61
    4797 10 17 15
    4798 2 15 15
    4799 1 15 50
    4800 16 3 22
    4801 1 15 56
    4802 4 15 33
    4803 8 3 14
    4804 1 9 14
    4805 4 1 50
    4806 14 51 14
    4807 1 50 5
    4808 4 51 4
    4809 49 1 57
    4810 4 14 38
    4811 14 49 14
    4812 14 3 58
    4813 1 14 53
    4814 15 81 15
    4815 14 3 14
    4816 1 15 1
    4817 15 15 81
    4818 31 4 52
    4819 20 14 60
    4820 2 14 60
    4821 12 2 14
    4822 16 3 41
    4823 15 15 38
    4824 5 50 15
    4825 5 15 50
    4826 5 15 19
    4827 55 73 55
    4828 4 15 66
    4829 19 15 38
    4830 81 66 79
    4831 3 38 15
    4832 39 15 64
    4833 4 15 64
    4834 14 3 47
    4835 60 60 66
    4836 32 15 77
    4837 57 66 60
    4838 1 1 50
    4839 48 15 48
    4840 17 15 32
    4841 1 14 3
    4842 3 59 15
    4843 20 14 80
    4844 10 14 10
    4845 5 59 15
    4846 20 15 76
    4847 5 1 15
    4848 39 66 81
    4849 36 1 50
    4850 11 4 14
    4851 14 55 83
    4852 1 50 33
    4853 1 50 1
    4854 50 1 50
    4855 14 14 38
    4856 56 66 56
    4857 66 56 66
    4858 5 54 66
    4859 4 66 50
    4860 4 50 66
    4861 1 50 66
    4862 40 15 64
    4863 31 15 64
    4864 11 8 81
    4865 10 15 33
    4866 33 55 14
    4867 77 15 77
    4868 2 2 14
    4869 1 15 3
    4870 17 15 19
    4871 81 17 81
    4872 34 15 1
    4873 4 52 15
    4874 15 2 37
    4875 1 15 32
    4876 14 77 57
    4877 3 15 61
    4878 55 66 59
    4879 4 4 16
    4880 4 16 16
    4881 4 16 14
    4882 14 55 64
    4883 5 64 15
    4884 15 73 74
    4885 5 73 15
    4886 55 77 57
    4887 16 14 32
    4888 15 8 41
    4889 1 15 38
    4890 53 14 59
    4891 33 14 53
    4892 4 36 14
    4893 14 14 48
    4894 11 82 15
    4895 15 82 57
    4896 20 15 82
    4897 50 15 82
    4898 15 15 82
    4899 10 15 77
    4900 1 14 5
    4901 55 83 57
    4902 15 66 39
    4903 11 3 14
    4904 1 14 17
    4905 14 14 76
    4906 5 79 15
    4907 17 10 15
    4908 1 15 17
    4909 4 1 15
    4910 33 15 32
    4911 3 47 15
    4912 2 10 15
    4913 3 15 33
    4914 1 14 2
    4915 1 15 40
    4916 14 40 26
    4917 4 10 17
    4918 15 50 59
    4919 1 50 59
    4920 10 10 15
    4921 14 66 57
    4922 4 15 32
    4923 14 66 58
    4924 14 14 66
    4925 3 15 4
    4926 10 15 61
    4927 4 3 17
    4928 17 3 24
    4929 2 3 14
    4930 2 14 4
    4931 15 47 26
    4932 14 10 38
    4933 14 14 77
    4934 10 38 14
    4935 10 1 15
    4936 33 3 14
    4937 4 4 17
    4938 15 4 47
    4939 19 14 35
    4940 15 4 48
    4941 1 14 33
    4942 34 4 15
    4943 2 14 55
    4944 17 17 47
    4945 15 17 47
    4946 5 14 38
    4947 57 77 80
    4948 57 77 60
    4949 3 4 56
    4950 39 4 55
    4951 20 4 55
    4952 15 56 56
    4953 4 77 14
    4954 4 14 77
    4955 5 64 14
    4956 25 14 64
    4957 14 14 64
    4958 3 14 64
    4959 4 14 36
    4960 10 53 14
    4961 5 14 39
    4962 45 83 55
    4963 19 14 38
    4964 4 77 55
    4965 50 59 77
    4966 60 55 77
    4967 14 55 77
    4968 14 55 60
    4969 14 60 55
    4970 55 14 60
    4971 5 14 55
    4972 45 17 81
    4973 14 3 36
    4974 36 1 49
    4975 15 76 59
    4976 15 76 15
    4977 76 15 77
    4978 15 4 15
    4979 60 66 60
    4980 47 66 60
    4981 26 52 26
    4982 1 15 52
    4983 1 15 31
    4984 15 8 44
    4985 2 17 15
    4986 20 14 53
    4987 33 14 20
    4988 4 14 80
    4989 19 14 80
    4990 14 14 80
    4991 15 15 83
    4992 15 83 57
    4993 4 76 15
    4994 50 15 76
    4995 2 14 39
    4996 4 76 14
    4997 1 15 5
    4998 10 59 14
    4999 14 1 74
    5000 15 5 42
    5001 33 14 38
    5002 4 14 33
    5003 33 15 64
    5004 33 15 66
    5005 2 14 2
    5006 54 66 54
    5007 66 54 66
    5008 6 5 14
    5009 10 17 14
    5010 8 81 8
    5011 81 8 81
    5012 5 15 33
    5013 4 15 52
    5014 81 15 79
    5015 14 4 73
    5016 15 76 56
    5017 56 76 57
    5018 4 56 76
    5019 15 56 48
    5020 56 48 57
    5021 10 16 14
    5022 16 10 14
    5023 5 10 16
    5024 17 15 50
    5025 5 10 14
    5026 10 14 16
    5027 15 77 50
    5028 4 15 77
    5029 3 15 59
    5030 4 15 54
    5031 19 14 58
    5032 8 14 60
    5033 1 4 55
    5034 14 59 66
    5035 61 15 61
    5036 15 9 44
    5037 14 1 45
    5038 61 15 59
    5039 10 14 11
    5040 11 14 60
    5041 11 11 14
    5042 17 16 14
    5043 14 80 80
    5044 34 3 14
    5045 15 15 37
    5046 1 14 32
    5047 1 14 15
    5048 4 15 14
    5049 4 66 55
    5050 15 66 74
    5051 55 64 79
    5052 15 15 66
    5053 15 17 38
    5054 2 4 15
    5055 61 66 61
    5056 66 61 66
    5057 14 14 37
    5058 9 14 19
    5059 9 14 55
    5060 3 14 9
    5061 14 60 60
    5062 76 15 81
    5063 4 15 76
    5064 4 15 20
    5065 4 15 81
    5066 14 3 59
    5067 15 4 77
    5068 15 73 15
    5069 73 15 73
    5070 33 15 17
    5071 33 3 17
    5072 14 55 59
    5073 1 15 58
    5074 4 15 58
    5075 4 47 15
    5076 4 66 60
    5077 5 10 15
    5078 5 15 10
    5079 14 16 32
    5080 16 16 32
    5081 2 15 25
    5082 39 73 55
    5083 15 4 36
    5084 38 10 53
    5085 10 10 53
    5086 5 45 17
    5087 3 14 49
    5088 1 50 56
    5089 5 50 56
    5090 15 56 50
    5091 26 56 50
    5092 4 15 48
    5093 1 15 83
    5094 5 83 15
    5095 20 14 55
    5096 5 14 20
    5097 4 79 14
    5098 9 4 15
    5099 2 14 79
    5100 1 14 76
    5101 14 4 77
    5102 3 2 17
    5103 14 3 32
    5104 10 38 50
    5105 15 50 38
    5106 1 50 38
    5107 14 80 14
    5108 60 77 80
    5109 60 80 77
    5110 77 60 80
    5111 10 15 76
    5112 14 15 50
    5113 14 15 20
    5114 14 15 77
    5115 14 1 50
    5116 9 1 15
    5117 1 50 2
    5118 2 50 15
    5119 15 4 35
    5120 12 2 50
    5121 34 15 4
    5122 14 4 15
    5123 34 15 14
    5124 4 14 15
    5125 8 4 15
    5126 2 15 58
    5127 4 47 14
    5128 33 1 14
    5129 50 4 59
    5130 17 64 39
    5131 15 64 39
    5132 17 64 15
    5133 33 66 17
    5134 33 66 15
    5135 17 66 39
    5136 17 66 15
    5137 33 17 64
    5138 33 17 66
    5139 64 17 66
    5140 64 15 66
    5141 19 14 66
    5142 60 14 66
    5143 5 15 61
    5144 1 15 10
    5145 11 79 14
    5146 48 14 60
    5147 10 15 59
    5148 20 14 48
    5149 60 14 77
    5150 10 16 59
    5151 14 16 59
    5152 4 59 16
    5153 15 59 66
    5154 80 14 80
    5155 5 83 55
    5156 49 1 49
    5157 2 4 50
    5158 15 15 76
    5159 34 15 34
    5160 2 14 10
    5161 10 14 48
    5162 2 14 16
    5163 16 14 48
    5164 2 14 48
    5165 14 16 24
    5166 10 16 24
    5167 1 61 17
    5168 14 1 61
    5169 14 17 61
    5170 16 17 61
    5171 16 17 14
    5172 15 10 38
    5173 41 8 53
    5174 44 8 53
    5175 14 1 15
    5176 14 15 14
    5177 4 79 17
    5178 81 17 79
    5179 10 15 81
    5180 15 66 15
    5181 4 15 79
    5182 1 14 48
    5183 15 3 57
    5184 10 1 61
    5185 76 15 76
    5186 76 56 76
    5187 34 15 61
    5188 34 4 14
    5189 33 14 32
    5190 15 59 48
    5191 50 1 59
    5192 32 14 59
    5193 3 15 56
    5194 14 4 66
    5195 39 14 58
    5196 14 4 48
    5197 4 52 4
    5198 4 15 31
    5199 4 4 52
    5200 33 3 15
    5201 5 8 15
    5202 11 10 14
    5203 8 36 15
    5204 10 14 38
    5205 1 14 38
    5206 42 5 54
    5207 15 39 77
    5208 34 15 19
    5209 4 14 58
    5210 4 14 8
    5211 5 4 55
    5212 15 4 41
    5213 55 4 55
    5214 33 17 17
    5215 33 17 15
    5216 17 17 59
    5217 15 17 59
    5218 3 15 17
    5219 17 59 66
    5220 4 56 56
    5221 4 47 17
    5222 26 56 56
    5223 14 3 45
    5224 17 47 26
    5225 17 47 38
    5226 8 59 15
    5227 14 10 37
    5228 17 47 57
    5229 8 14 19
    5230 8 8 14
    5231 3 15 10
    5232 10 15 58
    5233 14 64 14
    5234 8 10 50
    5235 15 10 37
    5236 10 15 37
    5237 2 37 15
    5238 1 60 14
    5239 14 1 60
    5240 57 1 60
    5241 4 1 49
    5242 1 45 16
    5243 16 14 60
    5244 14 16 45
    5245 45 16 60
    5246 14 16 60
    5247 15 1 74
    5248 16 60 14
    5249 9 14 60
    5250 1 14 9
    5251 4 17 15
    5252 4 17 10
    5253 59 15 59
    5254 4 59 50
    5255 15 4 79
    5256 1 14 58
    5257 10 14 58
    5258 5 4 51
    5259 15 14 60
    5260 13 1 14
    5261 15 14 19
    5262 14 15 56
    5263 14 15 19
    5264 55 64 55
    5265 20 15 56
    5266 56 15 59
    5267 17 38 59
    5268 4 77 50
    5269 15 3 47
    5270 15 3 38
    5271 3 15 5
    5272 1 81 15
    5273 8 36 14
    5274 4 50 14
    5275 50 1 61
    5276 50 14 60
    5277 50 14 61
    5278 14 14 61
    5279 60 14 61
    5280 1 61 14
    5281 4 59 55
    5282 36 14 60
    5283 3 14 10
    5284 16 3 36
    5285 1 15 79
    5286 2 37 14
    5287 37 14 60
    5288 5 15 47
    5289 15 39 83
    5290 60 14 60
    5291 5 10 17
    5292 2 14 49
    5293 3 15 3
    5294 2 4 56
    5295 2 4 51
    5296 15 1 79
    5297 50 15 78
    5298 20 15 78
    5299 15 15 78
    5300 15 78 29
    5301 2 15 33
    5302 2 15 17
    5303 39 14 66
    5304 57 1 81
    5305 1 14 16
    5306 5 14 32
    5307 3 15 32
    5308 15 3 32
    5309 3 14 53
    5310 15 1 81
    5311 2 15 61
    5312 2 15 4
    5313 60 14 76
    5314 4 14 76
    5315 5 59 14
