  72.623   26.658   49.025
  73.258   28.013   48.980
  73.077   25.915   48.021
  71.305   26.783   48.921
  72.921   26.057   50.171
  74.577   27.876   49.078
  72.957   28.599   47.826
  72.763   28.860   50.112
  73.611   30.093   50.275
  71.502   29.213   49.879
  72.820   28.146   51.229
  74.769   29.900   49.654
  73.831   30.288   51.571
  72.945   31.321   49.714
  73.870   32.512   49.808
  71.839   31.567   50.409
  72.631   31.109   48.438
  74.676   32.496   48.754
  74.593   32.405   50.918
  73.114   33.825   49.843
  74.007   34.992   49.466
  72.102   33.766   48.983
  72.642   34.013   51.072
  75.178   34.837   50.074
  74.187   34.963   48.150
  73.418   36.337   49.865
  74.225   37.495   49.305
  72.172   36.415   49.407
  73.405   36.425   51.191
  75.474   37.371   49.740
  74.214   37.409   47.978
  73.690   38.864   49.718
  74.603   39.994   49.257
  72.486   39.039   49.184
  73.598   38.917   51.044
  75.634   40.059   50.092
  75.041   39.698   48.039
  73.916   41.365   49.196
  74.662   42.478   49.962
  72.616   41.241   49.672
  73.857   41.720   47.918
  75.908   42.071   50.176
  74.055   42.663   51.132
  74.724   43.827   49.212
  71.748   41.461   48.610
  72.034   40.606   47.635
  71.914   42.701   48.169
  70.313   41.282   49.005
  69.943   39.831   48.951
  70.104   39.368   47.715
  70.718   39.146   49.786
  68.671   39.684   49.305
  69.555   42.057   48.123
  68.303   41.589   47.722
  68.384   40.285   47.472
  67.940   42.234   46.619
  67.270   41.828   48.775
  67.439   43.042   49.287
  67.404   40.918   49.736
  65.654   41.694   48.067
  65.496   42.685   47.080
  65.514   40.425   47.482
  64.512   41.885   49.204
  70.138   41.727   50.244
  75.277   45.009   50.049
  73.500   44.132   48.794
  75.517   43.657   48.158
  76.475   44.665   50.500
  74.463   45.209   51.082
  75.417   46.332   49.257
  75.953   47.533   50.082
  74.229   46.651   48.759
  76.268   46.111   48.260
  77.196   47.253   50.445
  75.202   47.667   51.173
  75.959   48.886   49.317
  76.632   50.069   50.069
  74.704   49.220   49.045
  76.624   48.703   48.180
  77.925   49.790   50.186
  76.096   50.158   51.285
  76.500   51.458   49.373
  77.202   52.641   50.108
  77.009   51.361   48.148
  75.208   51.752   49.285
  76.553   52.849   51.246
  78.450   52.271   50.378
  77.263   53.997   49.330
  76.920   55.263   50.173
  76.410   53.931   48.310
  78.497   54.137   48.857
  76.807   54.842   51.426
  75.739   55.721   49.770
  77.935   56.453   50.186
  77.686   57.643   49.215
  77.959   56.940   51.419
  79.127   55.942   49.897
  78.762   57.759   48.451
  76.643   57.337   48.451
  77.423   59.044   49.867
  78.425   60.183   49.478
  76.158   59.446   49.454
  77.452   58.897   51.187
  79.639   59.812   49.868
  78.407   60.317   48.158
  78.128   61.586   50.113
  75.320   59.715   50.524
  75.632   58.916   51.536
  75.463   60.980   50.897
  73.898   59.479   50.114
  73.738   58.079   49.608
  74.523   57.880   48.555
  74.068   57.228   50.573
  72.474   57.877   49.255
  73.535   60.381   49.117
  72.193   60.718   49.266
  71.680   59.989   50.247
  72.092   62.009   49.571
  71.437   60.456   48.004
  71.963   61.176   47.016
  71.525   59.164   47.702
  69.736   60.885   48.211
  69.623   62.252   48.507
  69.045   60.608   47.012
  69.073   60.018   49.409
  73.106   59.657   51.170
  79.039   62.770   49.632
  76.863   61.905   49.856
  78.289   61.474   51.427
  80.295   62.466   49.943
  78.930   62.875   48.311
  78.720   64.171   50.260
  79.693   65.339   49.878
  77.487   64.515   49.904
  78.765   64.030   51.580
  80.846   65.113   50.500
  79.893   65.305   48.564
  79.206   66.776   50.261
  80.292   67.901   50.267
  78.248   67.123   49.407
  78.695   66.712   51.484
  81.136   67.671   49.268
  80.952   67.830   51.419
  79.748   69.356   50.095
  80.725   70.507   50.495
  78.641   69.484   50.817
  79.453   69.519   48.812
  81.888   70.296   49.889
  80.905   70.470   51.811
  80.243   71.943   50.105
  81.180   73.116   50.530
  79.048   72.153   50.648
  80.136   71.988   48.784
  82.350   72.940   49.922
  81.361   73.058   51.846
  80.656   74.540   50.163
  81.591   75.722   50.545
  80.440   74.580   48.855
  79.504   74.723   50.800
  81.728   75.724   51.865
  82.778   75.519   49.981
  81.073   77.117   50.105
  81.637   78.305   50.924
  79.689   77.127   50.243
  81.390   77.299   48.828
  82.226   77.804   52.000
  80.617   79.072   51.302
  82.659   79.210   50.216
  79.135   78.138   49.462
  79.370   77.876   48.183
  79.693   79.302   49.780
  77.659   78.226   49.684
  77.058   76.865   49.521
  77.276   76.425   48.288
  77.612   76.035   50.397
  75.748   76.933   49.739
  77.138   79.137   48.759
  75.805   78.972   48.388
  75.573   77.682   48.166
  75.581   79.661   47.275
  74.876   79.461   49.449
  75.205   80.706   49.777
  74.980   78.680   50.520
  73.213   79.414   48.856
  73.091   80.263   47.742
  72.900   78.096   48.474
  72.173   79.892   50.003
  77.422   78.662   50.920
  82.178   80.652   49.946
  82.988   78.658   49.055
  83.738   79.289   50.983
  82.223   80.863   48.635
  80.919   80.780   50.361
  83.024   81.755   50.610
  82.842   83.133   49.944
  82.679   81.847   51.893
  84.307   81.419   50.522
  83.284   83.048   48.699
  81.548   83.436   49.928
  83.596   84.282   50.625
  83.391   85.610   49.889
  83.160   84.409   51.875
  84.893   83.988   50.639
  83.560   85.381   48.591
  82.145   86.030   50.096
  84.356   86.725   50.281
  83.663   87.909   50.931
  84.963   87.148   49.180
  85.259   86.237   51.122
  83.689   87.736   52.247
  82.401   87.958   50.514
  84.328   89.238   50.600
  83.855   90.324   51.541
  84.022   89.586   49.352
  85.646   89.122   50.713
  84.278   90.014   52.759
  82.527   90.364   51.534
  84.373   91.712   51.212
  83.485   92.412   50.214
  84.384   92.436   52.329
  85.608   91.632   50.724
  83.990   92.276   48.993
  82.278   91.860   50.261
  83.335   93.887   50.518
  84.625   94.621   50.316
  82.374   94.420   49.660
  82.945   94.029   51.782
  85.574   94.117   51.099
  84.991   94.511   49.043
  84.452   95.904   50.616
  81.927   95.697   49.995
  82.841   96.604   49.665
  81.692   95.765   51.300
  80.660   95.963   49.253
  79.605   95.014   49.719
  79.402   95.184   51.022
  79.999   93.766   49.488
  78.474   95.250   49.065
  80.224   97.267   49.474
  79.322   97.593   48.469
  78.760   96.466   48.054
  79.972   98.160   47.456
  78.245   98.523   48.946
  78.739   99.752   49.083
  77.265   98.536   48.046
  77.593   97.975   50.495
  78.559   98.184   51.497
  77.287   96.605   50.407
  76.249   98.788   50.895
  80.878   95.787   47.952
  63.865   41.161   49.382
  68.308   59.421   49.223
  71.466   79.276   50.315
  75.400   98.301   51.033
  79.896   70.001   66.259
  79.254   69.161   65.199
  81.105   69.527   66.540
  79.147   69.978   67.356
  80.016   71.253   65.834
  80.015   69.187   64.109
  79.147   67.912   65.636
  77.894   69.691   64.865
  77.368   69.070   63.599
  77.061   69.430   65.869
  77.981   71.005   64.698
  78.386   68.544   62.928
  76.798   70.020   62.865
  76.345   67.999   63.871
  75.920   67.336   62.581
  75.285   68.554   64.450
  76.869   67.084   64.683
  76.802   66.387   62.292
  75.918   68.246   61.613
  74.537   66.723   62.679
  74.311   65.685   61.597
  74.404   66.141   63.866
  73.633   67.691   62.554
  74.793   66.159   60.453
  74.979   64.587   61.935
  72.840   65.341   61.409
  72.652   64.164   60.469
  72.313   65.042   62.593
  72.213   66.398   60.903
  73.224   64.469   59.310
  73.264   63.107   60.995
  71.186   63.813   60.221
  71.032   62.723   59.168
  70.641   63.393   61.359
  70.543   64.897   59.797
  71.183   63.279   57.971
  71.993   61.827   59.361
  69.684   61.992   59.219
  68.940   61.949   57.868
  68.885   62.585   60.190
  69.927   60.741   59.591
  69.811   62.225   56.905
  67.991   62.882   57.880
  68.294   60.583   57.547
  68.707   61.668   61.217
  69.897   61.295   61.673
  68.067   60.608   60.741
  67.910   62.237   62.353
  68.805   63.020   63.265
  69.749   62.228   63.764
  69.371   64.012   62.584
  68.089   63.522   64.266
  67.307   61.156   63.000
  67.154   61.202   64.387
  68.262   61.697   64.931
  66.949   59.968   64.834
  65.988   62.050   64.778
  64.970   61.797   63.964
  66.326   63.333   64.680
  65.524   61.695   66.448
  65.125   60.348   66.542
  66.630   61.914   67.286
  64.301   62.650   66.919
  66.971   63.042   61.872
  67.366   60.579   56.305
  67.594   60.190   58.607
  69.282   59.719   57.331
  68.067   61.022   55.271
  66.354   61.410   56.534
  66.799   59.184   55.945
  65.854   59.162   54.714
  66.142   58.714   56.997
  67.832   58.391   55.679
  66.568   59.494   53.648
  64.899   60.072   54.895
  65.182   57.787   54.444
  64.353   57.701   53.132
  64.383   57.503   55.465
  66.146   56.875   54.371
  65.196   57.822   52.113
  63.493   58.718   53.105
  63.552   56.377   52.939
  62.746   56.274   51.608
  64.408   55.360   52.994
  62.686   56.272   53.940
  61.771   57.171   51.658
  63.569   56.576   50.608
  62.106   54.880   51.296
  60.639   54.925   50.771
  62.129   54.152   52.410
  62.857   54.287   50.373
  60.363   56.209   50.579
  59.843   54.458   51.728
  60.296   54.186   49.436
  59.695   52.754   49.521
  59.434   54.945   48.773
  61.427   54.105   48.742
  60.501   51.947   48.846
  59.686   52.389   50.798
  58.250   52.558   48.944
  58.108   51.513   47.786
  57.455   52.120   49.997
  57.821   53.734   48.500
  58.862   51.919   46.772
  58.553   50.344   48.227
  56.651   51.306   47.244
  56.364   52.948   50.207
  56.693   54.195   49.896
  55.352   52.554   49.443
  55.954   52.877   51.646
  57.111   53.235   52.525
  58.116   52.390   52.327
  57.509   54.470   52.238
  56.737   53.178   53.798
  55.515   51.592   51.952
  54.491   51.665   52.892
  54.344   52.930   53.260
  53.359   51.224   52.349
  54.811   50.832   54.091
  54.975   49.565   53.719
  55.936   51.277   54.645
  53.505   50.940   55.276
  52.314   50.452   54.716
  53.844   50.162   56.403
  53.289   52.476   55.746
  54.959   53.737   51.858
  56.465   50.169   46.178
  55.852   51.044   48.273
  56.268   52.445   46.677
  57.225   50.469   45.130
  56.882   49.023   46.707
  55.001   49.960   45.657
  54.817   48.908   44.509
  54.241   49.598   46.686
  54.575   51.130   45.196
  55.335   49.434   43.404
  55.499   47.813   44.832
  53.340   48.491   44.204
  53.087   47.774   42.838
  52.934   47.686   45.181
  52.603   49.594   44.216
  54.124   46.985   42.583
  53.007   48.706   41.893
  51.799   46.891   42.775
  51.302   46.499   41.347
  50.814   47.533   43.393
  52.060   45.764   43.424
  52.330   45.995   40.674
  50.874   47.596   40.733
  50.153   45.439   41.319
  49.609   45.060   39.907
  49.136   45.895   42.043
  50.616   44.326   41.871
  50.615   44.534   39.214
  49.196   46.169   39.300
  48.435   44.030   39.911
  47.903   43.610   38.512
  48.840   42.941   40.551
  47.422   44.574   40.576
  47.420   44.694   37.916
  48.919   43.133   37.800
  46.784   42.534   38.549
  45.867   42.511   37.302
  45.983   42.781   39.659
  47.354   41.340   38.673
  46.098   43.621   36.616
  44.601   42.509   37.715
  46.040   41.327   36.336
  45.272   41.635   40.004
  46.127   40.690   40.375
  44.579   41.209   38.952
  44.331   41.918   41.130
  45.081   42.585   42.240
  46.038   41.777   42.680
  45.620   43.712   41.788
  44.244   42.859   43.236
  43.771   40.703   41.539
  43.339   40.618   42.861
  44.259   41.159   43.653
  43.180   39.338   43.177
  42.041   41.326   43.061
  41.162   40.886   42.167
  42.222   42.633   42.898
  41.440   41.023   44.695
  41.218   39.645   44.862
  42.404   41.455   45.625
  40.056   41.820   44.962
  43.366   42.732   40.706
  44.836   40.364   36.261
  47.108   40.629   36.702
  46.234   41.815   35.118
  45.254   39.153   36.615
  43.899   40.764   37.118
  44.195   40.231   34.867
  43.363   38.943   34.710
  43.406   41.282   34.654
  45.161   40.213   33.954
  44.183   37.909   34.824
  42.459   38.893   35.683
  42.632   38.807   33.368
  41.854   37.491   33.276
  41.783   39.822   33.230
  43.532   38.850   32.389
  42.657   36.519   33.696
  40.796   37.558   34.080
  41.382   37.113   31.875
  39.870   37.077   31.748
  41.855   35.905   31.595
  41.868   37.989   31.005
  39.459   38.264   31.318
  39.338   36.828   32.941
  39.383   36.010   30.776
  37.938   36.248   30.398
  39.488   34.812   31.347
  40.122   36.036   29.673
  37.880   37.389   29.723
  37.205   36.352   31.501
  37.329   35.166   29.525
  36.760   34.042   30.354
  36.334   35.699   28.820
  38.249   34.680   28.696
  37.640   33.049   30.427
  36.506   34.502   31.573
  35.468   33.505   29.779
  35.697   32.808   28.473
  34.924   32.596   30.686
  34.625   34.518   29.591
  36.244   33.640   27.593
  36.506   31.772   28.672
  34.535   32.375   27.997
  33.606   32.222   30.429
  33.562   31.361   29.416
  32.884   33.294   30.125
  33.048   31.586   31.658
  32.990   32.596   32.756
  32.211   33.607   32.386
  34.215   33.045   33.008
  32.490   32.035   33.851
  31.764   31.101   31.421
  31.466   30.177   32.416
  32.171   30.502   33.490
  31.818   28.960   32.008
  30.008   30.174   32.775
  29.309   29.568   31.818
  29.856   29.515   33.922
  29.416   31.827   32.981
  29.355   32.450   31.721
  30.300   32.531   33.819
  27.936   31.850   33.641
  33.838   30.578   32.017
  64.416   63.258   67.690
  53.400   52.722   56.696
  40.002   42.486   45.690
  27.786   32.314   34.500
  55.246   92.758   43.344
  54.852   91.396   42.864
  55.228   92.791   44.672
  54.393   93.659   42.869
  56.472   93.049   42.925
  55.708   90.503   43.350
  53.627   91.117   43.295
  54.877   91.342   41.367
  54.800   89.921   40.876
  53.852   92.037   40.884
  56.013   91.884   40.944
  55.128   89.108   41.873
  55.664   89.769   39.878
  53.425   89.565   40.376
  53.367   88.105   39.988
  53.147   90.314   39.313
  52.532   89.801   41.333
  53.127   87.395   41.083
  54.543   87.750   39.481
  52.288   87.826   38.961
  51.918   86.356   38.928
  51.205   88.534   39.267
  52.735   88.193   37.763
  53.036   85.641   38.989
  51.171   86.096   39.997
  51.150   85.970   37.672
  50.618   84.550   37.750
  50.130   86.809   37.515
  51.964   86.066   36.625
  51.650   83.737   37.951
  49.790   84.471   38.787
  49.877   84.109   36.489
  49.482   82.639   36.547
  48.779   84.845   36.352
  50.665   84.288   35.433
  50.556   81.910   36.265
  49.081   82.369   37.784
  48.348   82.259   35.586
  48.672   81.059   34.672
  48.013   83.371   34.820
  47.294   81.936   36.326
  49.705   80.408   35.193
  49.007   81.523   33.471
  47.508   80.055   34.514
  46.731   83.767   35.177
  46.699   84.001   36.483
  45.883   82.789   34.884
  46.299   85.006   34.452
  46.823   86.221   35.157
  46.347   86.266   36.397
  48.151   86.172   35.193
  46.437   87.313   34.505
  44.903   84.979   34.407
  44.203   86.182   34.507
  44.768   86.940   35.442
  42.946   85.917   34.845
  44.201   86.919   33.207
  43.991   86.059   32.217
  45.379   87.513   33.037
  42.926   88.146   33.218
  41.676   87.515   33.354
  43.134   89.011   34.304
  42.945   89.005   31.842
  46.779   84.984   33.214
  47.736   78.962   33.438
  46.406   80.734   34.209
  47.341   79.455   35.688
  48.865   78.332   33.729
  47.861   79.557   32.255
  46.601   77.913   33.353
  46.802   76.820   32.270
  45.460   78.547   33.115
  46.531   77.307   34.535
  47.865   76.104   32.609
  47.035   77.416   31.103
  45.596   75.854   32.100
  45.834   74.661   31.132
  44.558   76.553   31.659
  45.313   75.349   33.297
  46.763   73.881   31.672
  46.290   75.139   29.975
  44.579   73.784   30.839
  44.822   72.567   29.895
  44.108   73.331   31.998
  43.662   74.557   30.269
  45.101   73.045   28.689
  45.874   71.896   30.354
  43.635   71.557   29.752
  43.335   71.085   28.298
  42.538   72.131   30.241
  43.926   70.486   30.483
  44.312   71.579   27.548
  42.186   71.634   27.913
  43.272   69.550   28.004
  41.878   68.860   27.985
  43.836   69.350   26.820
  44.003   68.952   28.940
  41.906   67.891   28.888
  40.970   69.761   28.343
  41.426   68.219   26.627
  41.121   66.683   26.659
  40.254   68.866   26.251
  42.381   68.436   25.730
  42.233   66.052   27.017
  40.179   66.467   27.568
  40.638   66.065   25.301
  40.354   69.439   24.994
  41.605   69.832   24.790
  40.013   68.550   24.069
  39.434   70.619   24.909
  39.751   71.592   26.001
  39.596   71.017   27.187
  41.008   72.001   25.868
  38.936   72.638   25.913
  38.112   70.199   25.026
  37.299   71.007   24.236
  38.042   71.973   23.714
  36.766   70.278   23.259
  36.199   71.609   25.049
  35.464   70.639   25.586
  36.728   72.349   26.020
  35.181   72.635   24.033
  34.595   71.865   23.017
  34.166   73.205   24.831
  36.056   73.826   23.370
  39.598   71.214   23.729
  40.200   64.559   25.344
  39.612   66.783   24.854
  41.642   66.160   24.438
  41.248   63.844   25.739
  39.222   64.430   26.235
  39.701   63.958   23.984
  39.370   62.426   23.983
  38.614   64.626   23.609
  40.661   64.158   23.088
  40.524   61.772   24.065
  38.638   62.155   25.060
  38.600   61.902   22.725
  38.607   60.355   22.500
  37.337   62.305   22.823
  39.154   62.460   21.657
  38.536   59.760   23.685
  39.757   60.028   21.918
  37.434   59.801   21.628
  37.625   58.362   21.052
  37.234   60.630   20.609
  36.349   59.779   22.391
  37.975   57.558   22.049
  38.602   58.394   20.152
  36.353   57.751   20.376
  36.528   56.330   19.755
  35.946   58.574   19.415
  35.408   57.660   21.302
  36.861   55.498   20.737
  37.516   56.375   18.867
  35.254   55.761   19.052
  35.394   54.331   18.459
  34.261   55.756   19.933
  34.945   56.579   18.052
  36.330   54.370   17.518
  35.780   53.508   19.429
  34.092   53.769   17.829
  34.311   52.662   16.768
  33.421   54.819   17.212
  33.335   53.273   18.802
  35.599   52.660   16.454
  33.599   52.973   15.688
  33.932   51.228   17.175
  32.078   54.496   17.037
  31.509   54.350   18.227
  31.980   53.355   16.362
  31.371   55.574   16.281
  31.650   56.893   16.932
  31.195   56.880   18.179
  32.961   57.109   16.937
  31.042   57.859   16.251
  30.004   55.276   16.281
  29.121   56.347   16.160
  29.526   57.334   16.953
  27.911   55.947   16.533
  29.050   56.843   14.755
  28.791   55.823   13.944
  30.216   57.388   14.421
  27.779   58.062   14.615
  26.540   57.483   14.938
  28.050   59.112   15.513
  27.710   58.660   13.110
  31.820   55.604   15.028
  32.737   50.626   16.406
  33.643   51.213   18.470
  34.981   50.447   16.953
  31.795   50.312   17.289
  32.253   51.535   15.563
  33.054   49.345   15.611
  31.796   48.516   15.284
  33.655   49.683   14.472
  33.873   48.587   16.333
  31.270   48.102   16.427
  30.920   49.291   14.654
  32.050   47.276   14.417
  30.761   46.489   14.162
  32.562   47.657   13.251
  32.921   46.491   15.044
  30.126   46.369   15.323
  29.995   47.176   13.318
  30.959   45.080   13.608
  30.384   44.904   12.214
  30.349   44.230   14.423
  32.257   44.808   13.578
  31.348   45.140   11.333
  29.397   45.778   12.036
  29.833   43.505   11.974
  29.620   43.259   10.497
  28.669   43.374   12.605
  30.687   42.601   12.437
  30.810   43.273    9.909
  28.869   44.232    9.992
  28.960   41.933   10.168
  27.456   42.039   10.204
  29.316   41.575    8.936
  29.357   41.002   11.031
  27.005   41.615   11.380
  27.117   43.311   10.031
  26.799   41.228    9.109
  26.986   39.758    9.329
  25.434   41.513    9.105
  27.337   41.566    7.940
  28.280   39.455    9.368
  26.412   39.416   10.478
  26.414   39.088    8.334
  24.738   41.057    7.987
  24.546   39.744    8.070
  25.427   41.331    6.885
  23.423   41.758    7.931
  23.649   43.219    7.717
  24.299   43.403    6.573
  24.367   43.707    8.723
  22.480   43.847    7.663
  22.645   41.264    6.887
  21.325   41.624    7.130
  21.338   42.733    7.855
  20.721   40.656    7.815
  20.561   41.882    5.864
  20.274   40.728    5.266
  19.431   42.515    6.172
  21.504   42.897    4.766
  22.575   42.142    4.254
  21.998   44.007    5.475
  20.605   43.425    3.525
  22.784   41.567    9.083
  43.088   89.983   31.870
  35.830   74.770   23.558
  27.851   59.626   12.956
  20.486   44.395    3.379
  83.724   19.328   11.229
  83.903   20.701   11.798
  84.298   19.257   10.033
  82.428   19.062   11.113
  84.289   18.430   12.028
  85.203   20.958   11.904
  83.340   21.588   10.986
  83.269   20.793   13.151
  83.705   22.041   13.869
  81.946   20.793   13.019
  83.638   19.735   13.863
  84.809   22.501   13.292
  83.963   21.735   15.137
  82.647   23.113   13.844
  83.164   24.380   14.485
  81.583   22.683   14.513
  82.307   23.367   12.582
  83.843   25.061   13.571
  83.976   24.052   15.485
  82.046   25.245   15.029
  82.499   26.678   15.233
  81.032   25.236   14.169
  81.645   24.743   16.193
  83.708   26.661   15.784
  82.567   27.262   14.041
  81.559   27.472   16.129
  81.919   28.947   16.159
  80.316   27.337   15.677
  81.633   26.988   17.365
  83.178   29.052   16.571
  81.822   29.425   14.922
  81.024   29.772   17.081
  81.501   31.214   17.194
  79.784   29.764   16.603
  81.033   29.232   18.297
  82.529   31.245   18.035
  81.904   31.610   15.993
  80.422   32.192   17.680
  80.850   33.054   18.886
  79.269   31.477   17.983
  80.148   33.010   16.671
  82.174   33.010   18.979
  80.317   32.531   19.988
  80.429   34.536   18.782
  78.289   31.835   17.067
  78.741   31.605   15.840
  78.026   33.128   17.203
  77.018   31.066   17.267
  77.111   29.735   16.582
  77.302   29.909   15.278
  78.128   29.047   17.092
  75.981   29.061   16.768
  75.986   31.856   16.754
  74.910   31.230   16.122
  75.369   30.250   15.349
  74.274   32.127   15.377
  73.947   30.668   17.116
  73.776   31.541   18.102
  74.437   29.533   17.608
  72.398   30.341   16.327
  71.859   31.548   15.845
  72.608   29.461   15.253
  71.353   29.669   17.371
  76.820   30.871   18.565
  80.658   35.368   20.071
  79.139   34.586   18.464
  81.143   35.083   17.802
  81.938   35.264   20.401
  79.913   34.850   21.043
  80.315   36.870   19.923
  80.522   37.717   21.207
  79.050   36.975   19.539
  81.106   37.367   18.976
  81.817   37.718   21.487
  79.862   37.138   22.208
  80.046   39.191   21.088
  80.381   40.096   22.307
  78.730   39.194   20.912
  80.635   39.721   20.021
  81.702   40.217   22.368
  79.950   39.494   23.414
  79.768   41.529   22.258
  80.131   42.450   23.463
  80.177   42.119   21.137
  78.446   41.409   22.229
  79.548   41.947   24.542
  81.450   42.416   23.621
  79.703   43.951   23.337
  79.059   44.568   24.615
  78.830   44.052   22.337
  80.789   44.656   23.038
  79.188   43.650   25.564
  77.764   44.754   24.377
  79.654   45.896   25.188
  78.969   47.238   24.799
  79.631   45.802   26.511
  80.917   45.958   24.778
  79.888   47.996   24.219
  78.010   46.968   23.920
  78.342   48.075   25.967
  78.907   49.524   26.154
  76.985   48.193   25.691
  78.527   47.407   27.099
  80.204   49.428   26.419
  78.737   50.185   25.016
  78.247   50.360   27.305
  76.198   47.709   26.725
  76.827   46.704   27.320
  75.975   48.676   27.606
  74.890   47.232   26.173
  75.128   46.201   25.115
  75.843   46.719   24.123
  75.785   45.176   25.646
  73.962   45.778   24.637
  74.183   48.303   25.633
  72.820   48.105   25.833
  72.642   46.912   26.383
  72.352   49.045   26.649
  72.077   48.172   24.538
  72.270   49.364   23.979
  72.534   47.225   23.723
  70.351   47.914   24.809
  69.847   48.919   25.649
  69.680   47.962   23.569
  70.092   46.466   25.488
  74.174   46.693   27.158
  78.703   51.857   27.423
  76.928   50.340   27.135
  78.545   49.765   28.454
  80.013   51.864   27.647
  78.455   52.465   26.267
  78.022   52.687   28.565
  78.550   54.149   28.770
  76.716   52.740   28.318
  78.219   52.029   29.702
  79.764   54.059   29.302
  78.638   54.732   27.579
  77.677   55.059   29.696
  78.360   56.357   30.239
  76.590   55.410   29.016
  77.317   54.332   30.746
  79.145   56.844   29.287
  79.104   56.022   31.288
  77.380   57.497   30.668
  77.984   58.618   31.573
  76.353   56.955   31.313
  76.941   58.080   29.560
  79.099   59.057   31.002
  78.277   58.092   32.757
  77.051   59.853   31.800
  77.613   60.969   32.734
  75.900   59.427   32.312
  76.823   60.410   30.618
  78.723   61.442   32.177
  77.913   60.425   33.910
  76.645   62.170   32.976
  77.198   63.312   33.873
  76.318   62.684   31.796
  75.551   61.697   33.563
  77.439   62.805   35.077
  78.338   63.749   33.345
  76.239   64.521   34.037
  76.476   65.368   35.312
  74.937   64.036   34.087
  76.375   65.311   32.977
  77.280   64.677   36.106
  75.306   65.542   35.920
  77.105   66.758   35.113
  74.033   65.049   33.777
  74.230   65.435   32.522
  74.230   66.084   34.589
  72.627   64.567   33.930
  72.464   63.286   33.173
  72.702   63.496   31.884
  73.319   62.386   33.646
  71.221   62.840   33.324
  71.774   65.565   33.449
  70.531   65.160   32.969
  70.691   64.081   32.209
  70.012   66.142   32.241
  69.590   64.840   34.082
  69.545   65.867   34.924
  70.020   63.759   34.726
  67.978   64.525   33.431
  67.507   65.675   32.776
  68.056   63.463   32.510
  66.943   64.124   34.611
  72.373   64.346   35.219
  76.181   67.947   35.452
  77.489   66.877   33.848
  78.168   66.844   35.901
  76.048   68.690   34.358
  74.985   67.486   35.809
  76.698   68.875   36.567
  76.044   70.270   36.537
  76.452   68.309   37.746
  78.010   69.030   36.419
  76.384   70.858   35.400
  74.723   70.128   36.577
  76.461   71.202   37.682
  75.795   72.576   37.567
  76.115   70.649   38.842
  77.781   71.355   37.645
  75.916   72.978   36.306
  74.502   72.456   37.861
  76.398   73.667   38.448
  75.431   74.185   39.497
  76.749   74.679   37.666
  77.475   73.184   39.054
  75.620   73.495   40.615
  74.185   74.003   39.069
  75.622   75.665   39.798
  74.919   76.047   41.081
  75.120   76.388   38.799
  76.916   75.934   39.926
  75.519   75.407   42.077
  73.647   75.666   41.017
  74.953   77.530   41.401
  73.811   78.264   40.744
  74.835   77.683   42.718
  76.106   78.056   40.996
  74.228   78.819   39.611
  72.842   77.395   40.484
  73.240   79.347   41.634
  74.217   80.463   41.836
  72.091   79.857   41.029
  72.933   78.816   42.816
  75.338   80.005   42.385
  74.491   81.017   40.659
  73.683   81.376   42.640
  71.302   80.664   41.847
  71.860   81.863   41.984
  71.169   80.101   43.042
  69.957   80.801   41.216
  69.289   79.466   41.177
  69.155   79.002   42.414
  70.028   78.624   40.462
  68.090   79.584   40.620
  69.160   81.683   41.943
  68.119   82.096   41.120
  67.900   81.133   40.236
  68.475   83.208   40.482
  66.852   82.350   41.884
  66.952   83.495   42.556
  65.844   82.429   41.019
  66.536   81.029   43.016
  67.470   81.093   44.065
  66.661   79.803   42.338
  65.045   81.131   43.645
  70.107   81.264   39.978
  70.979   28.772   17.189
  69.537   45.794   25.024
  66.489   63.246   34.593
  64.403   80.391   43.515
  93.200   16.707   34.738
  92.877   18.151   34.965
  92.656   16.297   33.597
  92.719   15.982   35.742
  94.516   16.543   34.666
  93.357   18.865   33.951
  91.559   18.299   35.027
  93.493   18.629   36.243
  93.455   20.131   36.332
  92.835   18.105   37.272
  94.757   18.227   36.279
  93.260   20.626   35.115
  94.623   20.559   36.801
  92.365   20.621   37.248
  92.298   22.131   37.229
  92.624   20.207   38.484
  91.196   20.125   36.848
  91.559   22.500   36.190
  93.529   22.611   37.087
  91.697   22.695   38.500
  91.203   24.115   38.300
  90.672   21.934   38.870
  92.625   22.684   39.453
  92.112   24.779   37.595
  90.067   24.062   37.613
  90.964   24.846   39.613
  90.285   26.187   39.396
  90.197   24.091   40.394
  92.134   25.049   40.210
  91.048   26.905   38.579
  89.108   25.970   38.818
  90.066   26.972   40.688
  89.513   28.366   40.419
  89.208   26.310   41.458
  91.226   27.099   41.325
  90.518   29.141   40.027
  88.622   28.273   39.439
  88.823   29.008   41.630
  89.345   30.419   41.977
  88.955   28.163   42.726
  87.532   29.111   41.340
  90.000   30.890   40.923
  90.185   30.315   43.004
  88.235   31.430   42.338
  87.692   27.687   43.053
  87.167   27.090   41.991
  86.926   28.710   43.406
  87.733   26.707   44.188
  88.068   25.340   43.672
  87.143   24.945   42.803
  89.255   25.372   43.075
  88.104   24.480   44.686
  86.479   26.751   44.801
  85.942   25.572   45.321
  86.169   24.577   44.468
  84.634   25.735   45.481
  86.546   25.237   46.646
  86.653   26.344   47.371
  87.754   24.712   46.457
  85.525   24.063   47.488
  84.261   24.633   47.726
  85.379   22.923   46.681
  86.193   23.632   48.902
  88.663   27.080   45.059
  88.746   32.784   42.895
  87.434   30.871   43.240
  87.543   31.671   41.229
  89.583   33.300   42.006
  89.403   32.551   44.028
  87.627   33.818   43.168
  88.117   35.174   43.742
  86.759   33.283   44.016
  87.020   34.061   42.010
  88.865   35.759   42.817
  88.866   34.935   44.817
  86.978   36.153   44.140
  87.444   37.571   44.574
  86.292   35.613   45.140
  86.182   36.297   43.085
  87.981   38.161   43.512
  88.377   37.442   45.516
  86.318   38.501   45.123
  86.777   39.935   45.527
  85.374   38.606   44.192
  85.803   37.925   46.203
  87.569   39.820   46.584
  87.471   40.443   44.513
  85.639   40.948   45.882
  85.894   41.817   47.150
  84.513   40.263   46.064
  85.487   41.765   44.845
  87.140   41.554   47.524
  85.067   41.405   48.107
  85.777   43.372   47.032
  84.438   44.044   47.450
  86.740   43.900   47.775
  85.997   43.675   45.756
  83.989   44.715   46.399
  83.573   43.082   47.752
  84.496   45.047   48.653
  84.029   46.511   48.351
  83.657   44.539   49.638
  85.749   45.092   49.093
  84.823   47.010   47.412
  82.783   46.463   47.897
  84.062   47.493   49.574
  84.318   44.348   50.840
  85.582   44.026   50.599
  84.275   45.465   51.556
  83.652   43.245   51.605
  83.615   42.000   50.777
  82.932   42.213   49.658
  84.858   41.641   50.475
  83.030   41.026   51.466
  82.355   43.620   51.945
  82.026   43.074   53.183
  83.022   42.294   53.579
  81.848   44.053   54.066
  80.770   42.268   53.091
  79.774   43.048   52.677
  80.947   41.280   52.218
  80.370   41.579   54.667
  80.156   42.609   55.596
  79.194   40.809   54.545
  81.569   40.623   55.191
  84.342   43.011   52.720
  83.473   48.927   49.327
  83.392   46.936   50.579
  85.332   47.645   49.932
  84.184   49.495   48.360
  82.212   48.799   48.925
  83.495   49.892   50.562
  83.017   51.362   50.301
  82.734   49.364   51.516
  84.749   49.952   50.994
  83.957   51.961   49.579
  81.889   51.317   49.598
  82.760   52.226   51.581
  82.677   53.773   51.370
  81.620   51.816   52.128
  83.756   51.994   52.426
  82.070   54.005   50.213
  83.918   54.247   51.312
  81.897   54.557   52.475
  82.134   56.100   52.521
  82.219   54.054   53.661
  80.602   54.364   52.257
  81.960   56.584   51.297
  83.386   56.323   52.905
  81.179   56.883   53.480
  81.422   58.421   53.578
  81.288   56.370   54.702
  79.938   56.710   53.044
  81.235   58.938   52.367
  82.681   58.628   53.950
  80.480   59.172   54.572
  80.679   60.711   54.657
  79.224   58.929   54.218
  80.694   58.674   55.785
  81.912   60.939   55.096
  80.547   61.222   53.437
  79.683   61.435   55.602
  80.179   62.798   56.145
  79.442   60.607   56.693
  78.548   61.635   54.941
  81.475   62.885   55.881
  80.001   62.811   57.464
  79.506   64.058   55.575
  78.254   60.971   57.321
  77.243   60.774   56.484
  78.303   62.258   57.651
  78.039   60.157   58.555
  78.185   58.706   58.216
  77.270   58.364   57.317
  79.399   58.492   57.722
  78.016   57.977   59.315
  76.762   60.448   59.047
  76.132   59.459   59.800
  76.297   58.286   59.199
  74.836   59.740   59.876
  76.688   59.385   61.183
  76.659   60.594   61.730
  77.944   58.953   61.130
  75.729   58.261   62.152
  74.407   58.729   62.237
  75.737   56.998   61.532
  76.338   58.118   63.647
  78.953   60.484   59.467
  78.658   64.859   56.586
  78.723   63.703   54.564
  80.458   64.865   55.127
  77.411   64.910   56.128
  78.661   64.229   57.759
  79.116   66.312   56.812
  78.008   67.205   57.404
  80.158   66.310   57.641
  79.484   66.829   55.644
  77.024   67.277   56.521
  77.554   66.644   58.520
  78.442   68.639   57.730
  77.282   69.471   58.284
  79.420   68.605   58.632
  78.893   69.209   56.616
  76.226   69.258   57.507
  77.004   69.056   59.518
  77.521   70.978   58.316
  77.536   71.547   59.724
  76.542   71.563   57.640
  78.682   71.243   57.731
  78.793   71.569   60.151
  76.811   70.764   60.519
  76.970   72.959   59.798
  77.340   73.617   61.109
  75.644   72.908   59.700
  77.457   73.690   58.803
  78.658   73.766   61.128
  76.972   72.831   62.115
  76.718   74.984   61.324
  75.349   74.877   61.948
  77.493   75.677   62.155
  76.625   75.629   60.164
  74.419   74.951   61.001
  75.258   73.710   62.572
  75.096   75.970   62.963
  75.008   77.315   62.310
  73.890   75.703   63.610
  76.093   75.978   63.845
  76.134   77.589   61.658
  73.987   77.318   61.460
  74.809   78.243   63.241
  73.653   76.462   64.755
  73.293   77.698   64.420
  74.752   76.511   65.499
  72.561   75.811   65.535
  73.021   74.471   66.008
  74.092   74.619   66.781
  73.328   73.714   64.960
  72.053   73.889   66.707
  72.215   76.585   66.640
  70.959   76.176   67.073
  70.809   74.906   66.724
  70.024   76.911   66.475
  70.802   76.293   68.561
  70.648   77.571   68.900
  69.724   75.603   68.928
  72.217   75.630   69.388
  73.308   76.495   69.190
  72.510   74.362   68.854
  71.957   75.481   70.982
  71.497   75.667   64.749
  86.425   22.687   49.073
  81.398   39.666   55.367
  76.640   57.236   63.975
  72.021   74.594   71.411
  33.535   42.958   44.731
  32.659   43.971   45.401
  32.990   41.751   44.838
  34.731   42.955   45.308
  33.667   43.254   43.443
  31.464   43.960   44.819
  32.531   43.658   46.685
  33.256   45.339   45.279
  32.257   46.400   45.655
  34.320   45.428   46.071
  33.630   45.526   44.019
  31.038   45.875   45.604
  32.346   47.397   44.780
  32.504   46.952   47.034
  31.421   47.938   47.409
  33.682   47.566   47.047
  32.512   45.954   47.914
  30.389   47.257   47.891
  31.045   48.595   46.317
  31.890   48.940   48.444
  30.721   49.600   49.150
  32.637   48.313   49.348
  32.618   49.872   47.836
  29.801   49.904   48.242
  30.216   48.725   50.014
  31.121   50.867   49.892
  29.987   51.399   50.751
  32.167   50.600   50.669
  31.459   51.796   49.004
  28.942   51.616   49.960
  29.671   50.470   51.648
  30.335   52.695   51.480
  29.133   53.273   52.217
  31.302   52.453   52.359
  30.755   53.596   50.596
  28.360   53.888   51.329
  28.460   52.265   52.761
  29.500   54.258   53.334
  28.776   55.618   53.239
  30.878   54.444   53.338
  29.157   53.694   54.486
  27.732   55.476   52.431
  29.618   56.506   52.715
  28.262   56.155   54.592
  31.381   53.900   54.512
  31.024   52.624   54.584
  30.869   54.559   55.544
  32.876   53.990   54.583
  33.494   52.845   53.838
  33.111   51.693   54.380
  33.110   52.887   52.566
  34.818   52.936   53.905
  33.215   53.987   55.938
  34.387   53.343   56.337
  34.498   52.193   55.679
  34.319   53.106   57.643
  35.590   54.186   56.068
  35.327   55.444   56.403
  35.889   54.125   54.773
  36.962   53.588   57.012
  36.663   53.694   58.383
  37.189   52.241   56.686
  38.299   54.447   56.688
  33.276   55.130   54.031
  27.726   57.609   54.552
  29.252   56.087   55.476
  27.272   55.357   54.983
  26.775   57.668   53.630
  28.724   58.415   54.202
  27.131   58.101   55.894
  26.605   59.560   55.880
  28.065   57.991   56.831
  26.111   57.302   56.193
  25.577   59.612   55.045
  27.572   60.356   55.426
  26.138   60.089   57.264
  25.467   61.491   57.246
  27.190   60.138   58.071
  25.250   59.226   57.747
  24.328   61.385   56.572
  26.271   62.339   56.606
  25.142   62.090   58.649
  24.438   63.481   58.633
  24.362   61.230   59.298
  26.285   62.226   59.311
  25.306   64.365   58.160
  23.398   63.404   57.807
  23.916   64.006   60.012
  24.212   65.507   60.308
  24.471   63.272   60.974
  22.599   63.831   60.038
  24.725   66.001   59.188
  25.137   65.566   61.261
  23.025   66.441   60.711
  22.778   66.707   62.224
  23.227   67.614   60.125
  21.921   65.892   60.215
  21.539   66.322   62.494
  23.626   65.954   62.915
  22.923   68.189   62.714
  21.653   68.822   63.376
  23.935   68.196   63.668
  23.266   68.936   61.672
  20.678   68.821   62.476
  21.302   68.063   64.408
  21.826   70.293   63.891
  24.953   69.078   63.342
  25.075   69.138   62.022
  24.668   70.284   63.815
  26.238   68.600   63.946
  26.530   67.206   63.489
  25.554   66.387   63.863
  26.633   67.195   62.165
  27.674   66.793   64.023
  26.148   68.627   65.335
  27.391   68.950   65.872
  28.272   69.024   64.885
  27.315   70.126   66.490
  27.831   67.913   66.855
  26.938   67.828   67.837
  27.920   66.738   66.238
  29.411   68.335   67.522
  29.329   69.562   68.197
  29.808   67.329   68.429
  30.516   68.442   66.342
  27.226   69.405   63.559
  20.609   70.899   64.677
  22.895   70.340   64.681
  22.036   71.067   62.832
  19.561   70.899   63.861
  20.351   70.117   65.720
  20.802   72.363   65.202
  19.556   73.024   65.887
  21.810   72.365   66.069
  21.128   73.117   64.158
  18.670   73.282   64.931
  19.034   72.147   66.739
  19.837   74.352   66.665
  18.592   75.233   67.009
  20.455   74.038   67.799
  20.649   75.088   65.917
  17.580   74.428   67.306
  18.280   75.944   65.930
  18.780   76.214   68.212
  17.736   77.370   68.327
  19.990   76.756   68.133
  18.696   75.495   69.324
  16.520   76.841   68.252
  17.914   78.202   67.307
  17.812   78.195   69.654
  16.808   79.382   69.776
  19.043   78.680   69.782
  17.563   77.366   70.659
  15.578   78.879   69.724
  16.989   80.199   68.743
  16.932   80.212   71.093
  15.917   81.378   71.254
  16.790   79.386   72.121
  18.152   80.739   71.125
  16.129   82.243   70.269
  14.687   80.883   71.147
  16.023   82.139   72.602
  15.470   83.586   72.575
  17.366   82.206   72.957
  15.356   81.453   73.525
  15.288   83.919   71.305
  16.384   84.392   73.110
  14.144   83.835   73.312
  17.492   82.452   74.321
  16.988   81.425   74.995
  16.820   83.555   74.638
  18.928   82.630   74.694
  19.719   81.478   74.158
  19.279   80.346   74.694
  19.583   81.430   72.838
  21.002   81.642   74.468
  19.005   82.707   76.089
  20.203   82.311   76.681
  20.614   81.183   76.112
  19.992   82.104   77.976
  21.261   83.352   76.528
  20.793   84.517   76.962
  21.592   83.459   75.245
  22.690   82.893   77.459
  22.352   82.809   78.821
  23.143   81.637   77.014
  23.878   83.979   77.273
  19.388   83.760   74.160
  14.250   84.743   74.557
  13.639   82.668   73.691
  13.306   84.418   72.465
  13.826   84.050   75.609
  15.523   85.081   74.747
  13.407   86.031   74.495
  13.139   86.638   75.886
  14.047   86.928   73.749
  12.235   85.747   73.935
  12.414   85.773   76.579
  14.300   86.829   76.504
  12.379   87.971   75.872
  12.124   88.495   77.288
  13.090   88.871   75.198
  11.212   87.786   75.260
  11.672   87.480   78.018
  13.275   88.921   77.804
  11.096   89.617   77.390
  11.690   90.923   77.886
  10.155   89.235   78.243
  10.554   89.815   76.195
  12.040   91.649   76.831
  12.767   90.661   78.622
  10.717   91.732   78.734
  11.198   93.157   78.890
  10.616   91.176   79.940
   9.522   91.746   78.156
  11.173   93.725   77.691
  12.445   93.154   79.349
  10.353   94.008   79.821
  10.799   93.870   81.254
  10.491   95.285   79.470
   9.074   93.657   79.721
  10.031   92.983   81.878
  12.060   93.455   81.267
  10.733   95.183   82.003
   9.318   95.638   82.187
  11.317   95.008   83.257
  11.401   96.106   81.315
   8.720   95.787   81.009
   8.663   94.734   82.909
   9.310   96.803   82.827
  11.579   96.185   83.956
  10.451   96.679   84.461
  12.125   97.081   83.143
  12.534   95.875   85.060
  13.837   95.436   84.478
  14.333   96.408   83.720
  13.646   94.347   83.740
  14.692   95.163   85.457
  12.750   96.999   85.853
  13.280   96.572   87.065
  13.923   95.434   86.842
  12.292   96.358   87.930
  14.242   97.565   87.650
  13.572   98.597   88.157
  14.934   96.966   88.617
  15.366   98.142   86.414
  14.671   98.975   85.518
  15.899   97.038   85.724
  16.584   98.990   87.068
  12.025   94.900   85.808
  39.099   53.999   56.319
  31.308   67.851   66.351
  24.748   83.699   76.896
  17.517   98.690   86.941
