1 315 1 2 8
3 315 2 8 9
5 315 8 9 14
7 315 9 14 15
9 315 14 15 20
11 315 15 20 21
13 315 20 21 26
15 315 21 26 27
17 315 26 27 32
19 315 27 32 33
21 315 32 33 38
23 315 33 38 39
25 315 38 39 44
27 315 39 44 65
29 315 44 65 70
31 315 45 48 49
33 315 65 70 71
35 315 70 71 76
37 315 71 76 77
39 315 76 77 82
41 315 77 82 83
43 315 82 83 88
45 315 83 88 89
47 315 88 89 94
49 315 89 94 95
51 315 94 95 100
53 315 95 100 101
55 315 100 101 106
57 315 101 106 127
59 315 106 127 132
61 315 107 110 111
63 315 127 132 133
65 315 132 133 138
67 315 133 138 139
69 315 138 139 144
71 315 139 144 145
73 315 144 145 150
75 315 145 150 151
77 315 150 151 156
79 315 151 156 157
81 315 156 157 162
83 315 157 162 163
85 315 162 163 168
87 315 163 168 189
89 315 168 189 194
91 315 169 172 173
93 315 189 194 195
95 315 194 195 200
97 315 195 200 201
99 315 200 201 206
101 315 201 206 207
103 315 206 207 212
105 315 207 212 213
107 315 212 213 218
109 315 213 218 219
111 315 218 219 224
113 315 219 224 225
115 315 231 234 235
117 315 255 256 262
119 315 256 262 263
121 315 262 263 268
123 315 263 268 269
125 315 268 269 274
127 315 269 274 275
129 315 274 275 280
131 315 275 280 281
133 315 280 281 286
135 315 281 286 287
137 315 286 287 292
139 315 287 292 293
141 315 292 293 298
143 315 293 298 319
145 315 298 319 324
147 315 299 302 303
149 315 319 324 325
151 315 324 325 330
153 315 325 330 331
155 315 330 331 336
157 315 331 336 337
159 315 336 337 342
161 315 337 342 343
163 315 342 343 348
165 315 343 348 349
167 315 348 349 354
169 315 349 354 355
171 315 354 355 360
173 315 355 360 381
175 315 360 381 386
177 315 361 364 365
179 315 381 386 387
181 315 386 387 392
183 315 387 392 393
185 315 392 393 398
187 315 393 398 399
189 315 398 399 404
191 315 399 404 405
193 315 404 405 410
195 315 405 410 411
197 315 410 411 416
199 315 411 416 417
201 315 416 417 422
203 315 417 422 443
205 315 422 443 448
207 315 423 426 427
209 315 443 448 449
211 315 448 449 454
213 315 449 454 455
215 315 454 455 460
217 315 455 460 461
219 315 460 461 466
221 315 461 466 467
223 315 466 467 472
225 315 467 472 473
227 315 472 473 478
229 315 473 478 479
231 315 485 488 489
233 315 509 510 516
235 315 510 516 517
237 315 516 517 522
239 315 517 522 523
241 315 522 523 528
243 315 523 528 529
245 315 528 529 534
247 315 529 534 535
249 315 534 535 540
251 315 535 540 541
253 315 540 541 546
255 315 541 546 547
257 315 546 547 552
259 315 547 552 573
261 315 552 573 578
263 315 553 556 557
265 315 573 578 579
267 315 578 579 584
269 315 579 584 585
271 315 584 585 590
273 315 585 590 591
275 315 590 591 596
277 315 591 596 597
279 315 596 597 602
281 315 597 602 603
283 315 602 603 608
285 315 603 608 609
287 315 608 609 614
289 315 609 614 635
291 315 614 635 640
293 315 615 618 619
295 315 635 640 641
297 315 640 641 646
299 315 641 646 647
301 315 646 647 652
303 315 647 652 653
305 315 652 653 658
307 315 653 658 659
309 315 658 659 664
311 315 659 664 665
313 315 664 665 670
315 315 665 670 671
317 315 670 671 676
319 315 671 676 697
321 315 676 697 702
323 315 677 680 681
325 315 697 702 703
327 315 702 703 708
329 315 703 708 709
331 315 708 709 714
333 315 709 714 715
335 315 714 715 720
337 315 715 720 721
339 315 720 721 726
341 315 721 726 727
343 315 726 727 732
345 315 727 732 733
347 315 739 742 743
349 315 763 764 770
351 315 764 770 771
353 315 770 771 776
355 315 771 776 777
357 315 776 777 782
359 315 777 782 783
361 315 782 783 788
363 315 783 788 789
365 315 788 789 794
367 315 789 794 795
369 315 794 795 800
371 315 795 800 801
373 315 800 801 806
375 315 801 806 827
377 315 806 827 832
379 315 807 810 811
381 315 827 832 833
383 315 832 833 838
385 315 833 838 839
387 315 838 839 844
389 315 839 844 845
391 315 844 845 850
393 315 845 850 851
395 315 850 851 856
397 315 851 856 857
399 315 856 857 862
401 315 857 862 863
403 315 862 863 868
405 315 863 868 889
407 315 868 889 894
409 315 869 872 873
411 315 889 894 895
413 315 894 895 900
415 315 895 900 901
417 315 900 901 906
419 315 901 906 907
421 315 906 907 912
423 315 907 912 913
425 315 912 913 918
427 315 913 918 919
429 315 918 919 924
431 315 919 924 925
433 315 924 925 930
435 315 925 930 951
437 315 930 951 956
439 315 931 934 935
441 315 951 956 957
443 315 956 957 962
445 315 957 962 963
447 315 962 963 968
449 315 963 968 969
451 315 968 969 974
453 315 969 974 975
455 315 974 975 980
457 315 975 980 981
459 315 980 981 986
461 315 981 986 987
463 315 993 996 997
465 315 1017 1018 1024
467 315 1018 1024 1025
469 315 1024 1025 1030
471 315 1025 1030 1031
473 315 1030 1031 1036
475 315 1031 1036 1037
477 315 1036 1037 1042
479 315 1037 1042 1043
481 315 1042 1043 1048
483 315 1043 1048 1049
485 315 1048 1049 1054
487 315 1049 1054 1055
489 315 1054 1055 1060
491 315 1055 1060 1081
493 315 1060 1081 1086
495 315 1061 1064 1065
497 315 1081 1086 1087
499 315 1086 1087 1092
501 315 1087 1092 1093
503 315 1092 1093 1098
505 315 1093 1098 1099
507 315 1098 1099 1104
509 315 1099 1104 1105
511 315 1104 1105 1110
513 315 1105 1110 1111
515 315 1110 1111 1116
517 315 1111 1116 1117
519 315 1116 1117 1122
521 315 1117 1122 1143
523 315 1122 1143 1148
525 315 1123 1126 1127
527 315 1143 1148 1149
529 315 1148 1149 1154
531 315 1149 1154 1155
533 315 1154 1155 1160
535 315 1155 1160 1161
537 315 1160 1161 1166
539 315 1161 1166 1167
541 315 1166 1167 1172
543 315 1167 1172 1173
545 315 1172 1173 1178
547 315 1173 1178 1179
549 315 1178 1179 1184
551 315 1179 1184 1205
553 315 1184 1205 1210
555 315 1185 1188 1189
557 315 1205 1210 1211
559 315 1210 1211 1216
561 315 1211 1216 1217
563 315 1216 1217 1222
565 315 1217 1222 1223
567 315 1222 1223 1228
569 315 1223 1228 1229
571 315 1228 1229 1234
573 315 1229 1234 1235
575 315 1234 1235 1240
577 315 1235 1240 1241
579 315 1247 1250 1251
581 315 1271 1272 1278
583 315 1272 1278 1279
585 315 1278 1279 1284
587 315 1279 1284 1285
589 315 1284 1285 1290
591 315 1285 1290 1291
593 315 1290 1291 1296
595 315 1291 1296 1297
597 315 1296 1297 1302
599 315 1297 1302 1303
601 315 1302 1303 1308
603 315 1303 1308 1309
605 315 1308 1309 1314
607 315 1309 1314 1335
609 315 1314 1335 1340
611 315 1315 1318 1319
613 315 1335 1340 1341
615 315 1340 1341 1346
617 315 1341 1346 1347
619 315 1346 1347 1352
621 315 1347 1352 1353
623 315 1352 1353 1358
625 315 1353 1358 1359
627 315 1358 1359 1364
629 315 1359 1364 1365
631 315 1364 1365 1370
633 315 1365 1370 1371
635 315 1370 1371 1376
637 315 1371 1376 1397
639 315 1376 1397 1402
641 315 1377 1380 1381
643 315 1397 1402 1403
645 315 1402 1403 1408
647 315 1403 1408 1409
649 315 1408 1409 1414
651 315 1409 1414 1415
653 315 1414 1415 1420
655 315 1415 1420 1421
657 315 1420 1421 1426
659 315 1421 1426 1427
661 315 1426 1427 1432
663 315 1427 1432 1433
665 315 1432 1433 1438
667 315 1433 1438 1459
669 315 1438 1459 1464
671 315 1439 1442 1443
673 315 1459 1464 1465
674 315 1464 1465 1470
675 315 1465 1470 1471
676 315 1470 1471 1476
677 315 1471 1476 1477
678 315 1476 1477 1482
679 315 1477 1482 1483
680 315 1482 1483 1488
681 315 1483 1488 1489
682 315 1488 1489 1494
683 315 1489 1494 1495
684 315 1501 1504 1505
685 324 1 2 6
686 324 1 2 7
687 324 2 1 3
688 324 2 1 4
689 324 2 1 5
690 324 2 8 10
691 324 2 8 11
692 324 6 2 8
693 324 7 2 8
694 324 8 9 12
695 324 8 9 13
696 324 9 8 10
697 324 9 8 11
698 324 9 14 16
699 324 9 14 17
700 324 12 9 14
701 324 13 9 14
702 324 14 15 18
703 324 14 15 19
704 324 15 14 16
705 324 15 14 17
706 324 15 20 22
707 324 15 20 23
708 324 18 15 20
709 324 19 15 20
710 324 20 21 24
711 324 20 21 25
712 324 21 20 22
713 324 21 20 23
714 324 21 26 28
715 324 21 26 29
716 324 24 21 26
717 324 25 21 26
718 324 26 27 30
719 324 26 27 31
720 324 27 26 28
721 324 27 26 29
722 324 27 32 34
723 324 27 32 35
724 324 30 27 32
725 324 31 27 32
726 324 32 33 36
727 324 32 33 37
728 324 33 32 34
729 324 33 32 35
730 324 33 38 41
731 324 36 33 38
732 324 37 33 38
733 324 38 39 42
734 324 38 39 43
735 324 39 38 41
736 324 39 44 66
737 324 39 44 67
738 324 42 39 44
739 324 43 39 44
740 324 44 65 68
741 324 44 65 69
742 324 45 48 64
743 324 46 45 48
744 324 47 45 48
745 324 48 49 50
746 324 48 49 51
747 324 48 49 52
748 324 49 48 64
749 324 54 57 58
750 324 54 57 59
751 324 55 54 57
752 324 56 54 57
753 324 65 44 66
754 324 65 44 67
755 324 65 70 72
756 324 65 70 73
757 324 68 65 70
758 324 69 65 70
759 324 70 71 74
760 324 70 71 75
761 324 71 70 72
762 324 71 70 73
763 324 71 76 78
764 324 71 76 79
765 324 74 71 76
766 324 75 71 76
767 324 76 77 80
768 324 76 77 81
769 324 77 76 78
770 324 77 76 79
771 324 77 82 84
772 324 77 82 85
773 324 80 77 82
774 324 81 77 82
775 324 82 83 86
776 324 82 83 87
777 324 83 82 84
778 324 83 82 85
779 324 83 88 90
780 324 83 88 91
781 324 86 83 88
782 324 87 83 88
783 324 88 89 92
784 324 88 89 93
785 324 89 88 90
786 324 89 88 91
787 324 89 94 96
788 324 89 94 97
789 324 92 89 94
790 324 93 89 94
791 324 94 95 98
792 324 94 95 99
793 324 95 94 96
794 324 95 94 97
795 324 95 100 103
796 324 98 95 100
797 324 99 95 100
798 324 100 101 104
799 324 100 101 105
800 324 101 100 103
801 324 101 106 128
802 324 101 106 129
803 324 104 101 106
804 324 105 101 106
805 324 106 127 130
806 324 106 127 131
807 324 107 110 126
808 324 108 107 110
809 324 109 107 110
810 324 110 111 112
811 324 110 111 113
812 324 110 111 114
813 324 111 110 126
814 324 116 119 120
815 324 116 119 121
816 324 117 116 119
817 324 118 116 119
818 324 127 106 128
819 324 127 106 129
820 324 127 132 134
821 324 127 132 135
822 324 130 127 132
823 324 131 127 132
824 324 132 133 136
825 324 132 133 137
826 324 133 132 134
827 324 133 132 135
828 324 133 138 140
829 324 133 138 141
830 324 136 133 138
831 324 137 133 138
832 324 138 139 142
833 324 138 139 143
834 324 139 138 140
835 324 139 138 141
836 324 139 144 146
837 324 139 144 147
838 324 142 139 144
839 324 143 139 144
840 324 144 145 148
841 324 144 145 149
842 324 145 144 146
843 324 145 144 147
844 324 145 150 152
845 324 145 150 153
846 324 148 145 150
847 324 149 145 150
848 324 150 151 154
849 324 150 151 155
850 324 151 150 152
851 324 151 150 153
852 324 151 156 158
853 324 151 156 159
854 324 154 151 156
855 324 155 151 156
856 324 156 157 160
857 324 156 157 161
858 324 157 156 158
859 324 157 156 159
860 324 157 162 165
861 324 160 157 162
862 324 161 157 162
863 324 162 163 166
864 324 162 163 167
865 324 163 162 165
866 324 163 168 190
867 324 163 168 191
868 324 166 163 168
869 324 167 163 168
870 324 168 189 192
871 324 168 189 193
872 324 169 172 188
873 324 170 169 172
874 324 171 169 172
875 324 172 173 174
876 324 172 173 175
877 324 172 173 176
878 324 173 172 188
879 324 178 181 182
880 324 178 181 183
881 324 179 178 181
882 324 180 178 181
883 324 189 168 190
884 324 189 168 191
885 324 189 194 196
886 324 189 194 197
887 324 192 189 194
888 324 193 189 194
889 324 194 195 198
890 324 194 195 199
891 324 195 194 196
892 324 195 194 197
893 324 195 200 202
894 324 195 200 203
895 324 198 195 200
896 324 199 195 200
897 324 200 201 204
898 324 200 201 205
899 324 201 200 202
900 324 201 200 203
901 324 201 206 208
902 324 201 206 209
903 324 204 201 206
904 324 205 201 206
905 324 206 207 210
906 324 206 207 211
907 324 207 206 208
908 324 207 206 209
909 324 207 212 214
910 324 207 212 215
911 324 210 207 212
912 324 211 207 212
913 324 212 213 216
914 324 212 213 217
915 324 213 212 214
916 324 213 212 215
917 324 213 218 220
918 324 213 218 221
919 324 216 213 218
920 324 217 213 218
921 324 218 219 222
922 324 218 219 223
923 324 219 218 220
924 324 219 218 221
925 324 219 224 227
926 324 222 219 224
927 324 223 219 224
928 324 224 225 228
929 324 224 225 229
930 324 224 225 230
931 324 225 224 227
932 324 231 234 250
933 324 232 231 234
934 324 233 231 234
935 324 234 235 236
936 324 234 235 237
937 324 234 235 238
938 324 235 234 250
939 324 240 243 244
940 324 240 243 245
941 324 241 240 243
942 324 242 240 243
943 324 255 256 260
944 324 255 256 261
945 324 256 255 257
946 324 256 255 258
947 324 256 255 259
948 324 256 262 264
949 324 256 262 265
950 324 260 256 262
951 324 261 256 262
952 324 262 263 266
953 324 262 263 267
954 324 263 262 264
955 324 263 262 265
956 324 263 268 270
957 324 263 268 271
958 324 266 263 268
959 324 267 263 268
960 324 268 269 272
961 324 268 269 273
962 324 269 268 270
963 324 269 268 271
964 324 269 274 276
965 324 269 274 277
966 324 272 269 274
967 324 273 269 274
968 324 274 275 278
969 324 274 275 279
970 324 275 274 276
971 324 275 274 277
972 324 275 280 282
973 324 275 280 283
974 324 278 275 280
975 324 279 275 280
976 324 280 281 284
977 324 280 281 285
978 324 281 280 282
979 324 281 280 283
980 324 281 286 288
981 324 281 286 289
982 324 284 281 286
983 324 285 281 286
984 324 286 287 290
985 324 286 287 291
986 324 287 286 288
987 324 287 286 289
988 324 287 292 295
989 324 290 287 292
990 324 291 287 292
991 324 292 293 296
992 324 292 293 297
993 324 293 292 295
994 324 293 298 320
995 324 293 298 321
996 324 296 293 298
997 324 297 293 298
998 324 298 319 322
999 324 298 319 323
1000 324 299 302 318
1001 324 300 299 302
1002 324 301 299 302
1003 324 302 303 304
1004 324 302 303 305
1005 324 302 303 306
1006 324 303 302 318
1007 324 308 311 312
1008 324 308 311 313
1009 324 309 308 311
1010 324 310 308 311
1011 324 319 298 320
1012 324 319 298 321
1013 324 319 324 326
1014 324 319 324 327
1015 324 322 319 324
1016 324 323 319 324
1017 324 324 325 328
1018 324 324 325 329
1019 324 325 324 326
1020 324 325 324 327
1021 324 325 330 332
1022 324 325 330 333
1023 324 328 325 330
1024 324 329 325 330
1025 324 330 331 334
1026 324 330 331 335
1027 324 331 330 332
1028 324 331 330 333
1029 324 331 336 338
1030 324 331 336 339
1031 324 334 331 336
1032 324 335 331 336
1033 324 336 337 340
1034 324 336 337 341
1035 324 337 336 338
1036 324 337 336 339
1037 324 337 342 344
1038 324 337 342 345
1039 324 340 337 342
1040 324 341 337 342
1041 324 342 343 346
1042 324 342 343 347
1043 324 343 342 344
1044 324 343 342 345
1045 324 343 348 350
1046 324 343 348 351
1047 324 346 343 348
1048 324 347 343 348
1049 324 348 349 352
1050 324 348 349 353
1051 324 349 348 350
1052 324 349 348 351
1053 324 349 354 357
1054 324 352 349 354
1055 324 353 349 354
1056 324 354 355 358
1057 324 354 355 359
1058 324 355 354 357
1059 324 355 360 382
1060 324 355 360 383
1061 324 358 355 360
1062 324 359 355 360
1063 324 360 381 384
1064 324 360 381 385
1065 324 361 364 380
1066 324 362 361 364
1067 324 363 361 364
1068 324 364 365 366
1069 324 364 365 367
1070 324 364 365 368
1071 324 365 364 380
1072 324 370 373 374
1073 324 370 373 375
1074 324 371 370 373
1075 324 372 370 373
1076 324 381 360 382
1077 324 381 360 383
1078 324 381 386 388
1079 324 381 386 389
1080 324 384 381 386
1081 324 385 381 386
1082 324 386 387 390
1083 324 386 387 391
1084 324 387 386 388
1085 324 387 386 389
1086 324 387 392 394
1087 324 387 392 395
1088 324 390 387 392
1089 324 391 387 392
1090 324 392 393 396
1091 324 392 393 397
1092 324 393 392 394
1093 324 393 392 395
1094 324 393 398 400
1095 324 393 398 401
1096 324 396 393 398
1097 324 397 393 398
1098 324 398 399 402
1099 324 398 399 403
1100 324 399 398 400
1101 324 399 398 401
1102 324 399 404 406
1103 324 399 404 407
1104 324 402 399 404
1105 324 403 399 404
1106 324 404 405 408
1107 324 404 405 409
1108 324 405 404 406
1109 324 405 404 407
1110 324 405 410 412
1111 324 405 410 413
1112 324 408 405 410
1113 324 409 405 410
1114 324 410 411 414
1115 324 410 411 415
1116 324 411 410 412
1117 324 411 410 413
1118 324 411 416 419
1119 324 414 411 416
1120 324 415 411 416
1121 324 416 417 420
1122 324 416 417 421
1123 324 417 416 419
1124 324 417 422 444
1125 324 417 422 445
1126 324 420 417 422
1127 324 421 417 422
1128 324 422 443 446
1129 324 422 443 447
1130 324 423 426 442
1131 324 424 423 426
1132 324 425 423 426
1133 324 426 427 428
1134 324 426 427 429
1135 324 426 427 430
1136 324 427 426 442
1137 324 432 435 436
1138 324 432 435 437
1139 324 433 432 435
1140 324 434 432 435
1141 324 443 422 444
1142 324 443 422 445
1143 324 443 448 450
1144 324 443 448 451
1145 324 446 443 448
1146 324 447 443 448
1147 324 448 449 452
1148 324 448 449 453
1149 324 449 448 450
1150 324 449 448 451
1151 324 449 454 456
1152 324 449 454 457
1153 324 452 449 454
1154 324 453 449 454
1155 324 454 455 458
1156 324 454 455 459
1157 324 455 454 456
1158 324 455 454 457
1159 324 455 460 462
1160 324 455 460 463
1161 324 458 455 460
1162 324 459 455 460
1163 324 460 461 464
1164 324 460 461 465
1165 324 461 460 462
1166 324 461 460 463
1167 324 461 466 468
1168 324 461 466 469
1169 324 464 461 466
1170 324 465 461 466
1171 324 466 467 470
1172 324 466 467 471
1173 324 467 466 468
1174 324 467 466 469
1175 324 467 472 474
1176 324 467 472 475
1177 324 470 467 472
1178 324 471 467 472
1179 324 472 473 476
1180 324 472 473 477
1181 324 473 472 474
1182 324 473 472 475
1183 324 473 478 481
1184 324 476 473 478
1185 324 477 473 478
1186 324 478 479 482
1187 324 478 479 483
1188 324 478 479 484
1189 324 479 478 481
1190 324 485 488 504
1191 324 486 485 488
1192 324 487 485 488
1193 324 488 489 490
1194 324 488 489 491
1195 324 488 489 492
1196 324 489 488 504
1197 324 494 497 498
1198 324 494 497 499
1199 324 495 494 497
1200 324 496 494 497
1201 324 509 510 514
1202 324 509 510 515
1203 324 510 509 511
1204 324 510 509 512
1205 324 510 509 513
1206 324 510 516 518
1207 324 510 516 519
1208 324 514 510 516
1209 324 515 510 516
1210 324 516 517 520
1211 324 516 517 521
1212 324 517 516 518
1213 324 517 516 519
1214 324 517 522 524
1215 324 517 522 525
1216 324 520 517 522
1217 324 521 517 522
1218 324 522 523 526
1219 324 522 523 527
1220 324 523 522 524
1221 324 523 522 525
1222 324 523 528 530
1223 324 523 528 531
1224 324 526 523 528
1225 324 527 523 528
1226 324 528 529 532
1227 324 528 529 533
1228 324 529 528 530
1229 324 529 528 531
1230 324 529 534 536
1231 324 529 534 537
1232 324 532 529 534
1233 324 533 529 534
1234 324 534 535 538
1235 324 534 535 539
1236 324 535 534 536
1237 324 535 534 537
1238 324 535 540 542
1239 324 535 540 543
1240 324 538 535 540
1241 324 539 535 540
1242 324 540 541 544
1243 324 540 541 545
1244 324 541 540 542
1245 324 541 540 543
1246 324 541 546 549
1247 324 544 541 546
1248 324 545 541 546
1249 324 546 547 550
1250 324 546 547 551
1251 324 547 546 549
1252 324 547 552 574
1253 324 547 552 575
1254 324 550 547 552
1255 324 551 547 552
1256 324 552 573 576
1257 324 552 573 577
1258 324 553 556 572
1259 324 554 553 556
1260 324 555 553 556
1261 324 556 557 558
1262 324 556 557 559
1263 324 556 557 560
1264 324 557 556 572
1265 324 562 565 566
1266 324 562 565 567
1267 324 563 562 565
1268 324 564 562 565
1269 324 573 552 574
1270 324 573 552 575
1271 324 573 578 580
1272 324 573 578 581
1273 324 576 573 578
1274 324 577 573 578
1275 324 578 579 582
1276 324 578 579 583
1277 324 579 578 580
1278 324 579 578 581
1279 324 579 584 586
1280 324 579 584 587
1281 324 582 579 584
1282 324 583 579 584
1283 324 584 585 588
1284 324 584 585 589
1285 324 585 584 586
1286 324 585 584 587
1287 324 585 590 592
1288 324 585 590 593
1289 324 588 585 590
1290 324 589 585 590
1291 324 590 591 594
1292 324 590 591 595
1293 324 591 590 592
1294 324 591 590 593
1295 324 591 596 598
1296 324 591 596 599
1297 324 594 591 596
1298 324 595 591 596
1299 324 596 597 600
1300 324 596 597 601
1301 324 597 596 598
1302 324 597 596 599
1303 324 597 602 604
1304 324 597 602 605
1305 324 600 597 602
1306 324 601 597 602
1307 324 602 603 606
1308 324 602 603 607
1309 324 603 602 604
1310 324 603 602 605
1311 324 603 608 611
1312 324 606 603 608
1313 324 607 603 608
1314 324 608 609 612
1315 324 608 609 613
1316 324 609 608 611
1317 324 609 614 636
1318 324 609 614 637
1319 324 612 609 614
1320 324 613 609 614
1321 324 614 635 638
1322 324 614 635 639
1323 324 615 618 634
1324 324 616 615 618
1325 324 617 615 618
1326 324 618 619 620
1327 324 618 619 621
1328 324 618 619 622
1329 324 619 618 634
1330 324 624 627 628
1331 324 624 627 629
1332 324 625 624 627
1333 324 626 624 627
1334 324 635 614 636
1335 324 635 614 637
1336 324 635 640 642
1337 324 635 640 643
1338 324 638 635 640
1339 324 639 635 640
1340 324 640 641 644
1341 324 640 641 645
1342 324 641 640 642
1343 324 641 640 643
1344 324 641 646 648
1345 324 641 646 649
1346 324 644 641 646
1347 324 645 641 646
1348 324 646 647 650
1349 324 646 647 651
1350 324 647 646 648
1351 324 647 646 649
1352 324 647 652 654
1353 324 647 652 655
1354 324 650 647 652
1355 324 651 647 652
1356 324 652 653 656
1357 324 652 653 657
1358 324 653 652 654
1359 324 653 652 655
1360 324 653 658 660
1361 324 653 658 661
1362 324 656 653 658
1363 324 657 653 658
1364 324 658 659 662
1365 324 658 659 663
1366 324 659 658 660
1367 324 659 658 661
1368 324 659 664 666
1369 324 659 664 667
1370 324 662 659 664
1371 324 663 659 664
1372 324 664 665 668
1373 324 664 665 669
1374 324 665 664 666
1375 324 665 664 667
1376 324 665 670 673
1377 324 668 665 670
1378 324 669 665 670
1379 324 670 671 674
1380 324 670 671 675
1381 324 671 670 673
1382 324 671 676 698
1383 324 671 676 699
1384 324 674 671 676
1385 324 675 671 676
1386 324 676 697 700
1387 324 676 697 701
1388 324 677 680 696
1389 324 678 677 680
1390 324 679 677 680
1391 324 680 681 682
1392 324 680 681 683
1393 324 680 681 684
1394 324 681 680 696
1395 324 686 689 690
1396 324 686 689 691
1397 324 687 686 689
1398 324 688 686 689
1399 324 697 676 698
1400 324 697 676 699
1401 324 697 702 704
1402 324 697 702 705
1403 324 700 697 702
1404 324 701 697 702
1405 324 702 703 706
1406 324 702 703 707
1407 324 703 702 704
1408 324 703 702 705
1409 324 703 708 710
1410 324 703 708 711
1411 324 706 703 708
1412 324 707 703 708
1413 324 708 709 712
1414 324 708 709 713
1415 324 709 708 710
1416 324 709 708 711
1417 324 709 714 716
1418 324 709 714 717
1419 324 712 709 714
1420 324 713 709 714
1421 324 714 715 718
1422 324 714 715 719
1423 324 715 714 716
1424 324 715 714 717
1425 324 715 720 722
1426 324 715 720 723
1427 324 718 715 720
1428 324 719 715 720
1429 324 720 721 724
1430 324 720 721 725
1431 324 721 720 722
1432 324 721 720 723
1433 324 721 726 728
1434 324 721 726 729
1435 324 724 721 726
1436 324 725 721 726
1437 324 726 727 730
1438 324 726 727 731
1439 324 727 726 728
1440 324 727 726 729
1441 324 727 732 735
1442 324 730 727 732
1443 324 731 727 732
1444 324 732 733 736
1445 324 732 733 737
1446 324 732 733 738
1447 324 733 732 735
1448 324 739 742 758
1449 324 740 739 742
1450 324 741 739 742
1451 324 742 743 744
1452 324 742 743 745
1453 324 742 743 746
1454 324 743 742 758
1455 324 748 751 752
1456 324 748 751 753
1457 324 749 748 751
1458 324 750 748 751
1459 324 763 764 768
1460 324 763 764 769
1461 324 764 763 765
1462 324 764 763 766
1463 324 764 763 767
1464 324 764 770 772
1465 324 764 770 773
1466 324 768 764 770
1467 324 769 764 770
1468 324 770 771 774
1469 324 770 771 775
1470 324 771 770 772
1471 324 771 770 773
1472 324 771 776 778
1473 324 771 776 779
1474 324 774 771 776
1475 324 775 771 776
1476 324 776 777 780
1477 324 776 777 781
1478 324 777 776 778
1479 324 777 776 779
1480 324 777 782 784
1481 324 777 782 785
1482 324 780 777 782
1483 324 781 777 782
1484 324 782 783 786
1485 324 782 783 787
1486 324 783 782 784
1487 324 783 782 785
1488 324 783 788 790
1489 324 783 788 791
1490 324 786 783 788
1491 324 787 783 788
1492 324 788 789 792
1493 324 788 789 793
1494 324 789 788 790
1495 324 789 788 791
1496 324 789 794 796
1497 324 789 794 797
1498 324 792 789 794
1499 324 793 789 794
1500 324 794 795 798
1501 324 794 795 799
1502 324 795 794 796
1503 324 795 794 797
1504 324 795 800 803
1505 324 798 795 800
1506 324 799 795 800
1507 324 800 801 804
1508 324 800 801 805
1509 324 801 800 803
1510 324 801 806 828
1511 324 801 806 829
1512 324 804 801 806
1513 324 805 801 806
1514 324 806 827 830
1515 324 806 827 831
1516 324 807 810 826
1517 324 808 807 810
1518 324 809 807 810
1519 324 810 811 812
1520 324 810 811 813
1521 324 810 811 814
1522 324 811 810 826
1523 324 816 819 820
1524 324 816 819 821
1525 324 817 816 819
1526 324 818 816 819
1527 324 827 806 828
1528 324 827 806 829
1529 324 827 832 834
1530 324 827 832 835
1531 324 830 827 832
1532 324 831 827 832
1533 324 832 833 836
1534 324 832 833 837
1535 324 833 832 834
1536 324 833 832 835
1537 324 833 838 840
1538 324 833 838 841
1539 324 836 833 838
1540 324 837 833 838
1541 324 838 839 842
1542 324 838 839 843
1543 324 839 838 840
1544 324 839 838 841
1545 324 839 844 846
1546 324 839 844 847
1547 324 842 839 844
1548 324 843 839 844
1549 324 844 845 848
1550 324 844 845 849
1551 324 845 844 846
1552 324 845 844 847
1553 324 845 850 852
1554 324 845 850 853
1555 324 848 845 850
1556 324 849 845 850
1557 324 850 851 854
1558 324 850 851 855
1559 324 851 850 852
1560 324 851 850 853
1561 324 851 856 858
1562 324 851 856 859
1563 324 854 851 856
1564 324 855 851 856
1565 324 856 857 860
1566 324 856 857 861
1567 324 857 856 858
1568 324 857 856 859
1569 324 857 862 865
1570 324 860 857 862
1571 324 861 857 862
1572 324 862 863 866
1573 324 862 863 867
1574 324 863 862 865
1575 324 863 868 890
1576 324 863 868 891
1577 324 866 863 868
1578 324 867 863 868
1579 324 868 889 892
1580 324 868 889 893
1581 324 869 872 888
1582 324 870 869 872
1583 324 871 869 872
1584 324 872 873 874
1585 324 872 873 875
1586 324 872 873 876
1587 324 873 872 888
1588 324 878 881 882
1589 324 878 881 883
1590 324 879 878 881
1591 324 880 878 881
1592 324 889 868 890
1593 324 889 868 891
1594 324 889 894 896
1595 324 889 894 897
1596 324 892 889 894
1597 324 893 889 894
1598 324 894 895 898
1599 324 894 895 899
1600 324 895 894 896
1601 324 895 894 897
1602 324 895 900 902
1603 324 895 900 903
1604 324 898 895 900
1605 324 899 895 900
1606 324 900 901 904
1607 324 900 901 905
1608 324 901 900 902
1609 324 901 900 903
1610 324 901 906 908
1611 324 901 906 909
1612 324 904 901 906
1613 324 905 901 906
1614 324 906 907 910
1615 324 906 907 911
1616 324 907 906 908
1617 324 907 906 909
1618 324 907 912 914
1619 324 907 912 915
1620 324 910 907 912
1621 324 911 907 912
1622 324 912 913 916
1623 324 912 913 917
1624 324 913 912 914
1625 324 913 912 915
1626 324 913 918 920
1627 324 913 918 921
1628 324 916 913 918
1629 324 917 913 918
1630 324 918 919 922
1631 324 918 919 923
1632 324 919 918 920
1633 324 919 918 921
1634 324 919 924 927
1635 324 922 919 924
1636 324 923 919 924
1637 324 924 925 928
1638 324 924 925 929
1639 324 925 924 927
1640 324 925 930 952
1641 324 925 930 953
1642 324 928 925 930
1643 324 929 925 930
1644 324 930 951 954
1645 324 930 951 955
1646 324 931 934 950
1647 324 932 931 934
1648 324 933 931 934
1649 324 934 935 936
1650 324 934 935 937
1651 324 934 935 938
1652 324 935 934 950
1653 324 940 943 944
1654 324 940 943 945
1655 324 941 940 943
1656 324 942 940 943
1657 324 951 930 952
1658 324 951 930 953
1659 324 951 956 958
1660 324 951 956 959
1661 324 954 951 956
1662 324 955 951 956
1663 324 956 957 960
1664 324 956 957 961
1665 324 957 956 958
1666 324 957 956 959
1667 324 957 962 964
1668 324 957 962 965
1669 324 960 957 962
1670 324 961 957 962
1671 324 962 963 966
1672 324 962 963 967
1673 324 963 962 964
1674 324 963 962 965
1675 324 963 968 970
1676 324 963 968 971
1677 324 966 963 968
1678 324 967 963 968
1679 324 968 969 972
1680 324 968 969 973
1681 324 969 968 970
1682 324 969 968 971
1683 324 969 974 976
1684 324 969 974 977
1685 324 972 969 974
1686 324 973 969 974
1687 324 974 975 978
1688 324 974 975 979
1689 324 975 974 976
1690 324 975 974 977
1691 324 975 980 982
1692 324 975 980 983
1693 324 978 975 980
1694 324 979 975 980
1695 324 980 981 984
1696 324 980 981 985
1697 324 981 980 982
1698 324 981 980 983
1699 324 981 986 989
1700 324 984 981 986
1701 324 985 981 986
1702 324 986 987 990
1703 324 986 987 991
1704 324 986 987 992
1705 324 987 986 989
1706 324 993 996 1012
1707 324 994 993 996
1708 324 995 993 996
1709 324 996 997 998
1710 324 996 997 999
1711 324 996 997 1000
1712 324 997 996 1012
1713 324 1002 1005 1006
1714 324 1002 1005 1007
1715 324 1003 1002 1005
1716 324 1004 1002 1005
1717 324 1017 1018 1022
1718 324 1017 1018 1023
1719 324 1018 1017 1019
1720 324 1018 1017 1020
1721 324 1018 1017 1021
1722 324 1018 1024 1026
1723 324 1018 1024 1027
1724 324 1022 1018 1024
1725 324 1023 1018 1024
1726 324 1024 1025 1028
1727 324 1024 1025 1029
1728 324 1025 1024 1026
1729 324 1025 1024 1027
1730 324 1025 1030 1032
1731 324 1025 1030 1033
1732 324 1028 1025 1030
1733 324 1029 1025 1030
1734 324 1030 1031 1034
1735 324 1030 1031 1035
1736 324 1031 1030 1032
1737 324 1031 1030 1033
1738 324 1031 1036 1038
1739 324 1031 1036 1039
1740 324 1034 1031 1036
1741 324 1035 1031 1036
1742 324 1036 1037 1040
1743 324 1036 1037 1041
1744 324 1037 1036 1038
1745 324 1037 1036 1039
1746 324 1037 1042 1044
1747 324 1037 1042 1045
1748 324 1040 1037 1042
1749 324 1041 1037 1042
1750 324 1042 1043 1046
1751 324 1042 1043 1047
1752 324 1043 1042 1044
1753 324 1043 1042 1045
1754 324 1043 1048 1050
1755 324 1043 1048 1051
1756 324 1046 1043 1048
1757 324 1047 1043 1048
1758 324 1048 1049 1052
1759 324 1048 1049 1053
1760 324 1049 1048 1050
1761 324 1049 1048 1051
1762 324 1049 1054 1057
1763 324 1052 1049 1054
1764 324 1053 1049 1054
1765 324 1054 1055 1058
1766 324 1054 1055 1059
1767 324 1055 1054 1057
1768 324 1055 1060 1082
1769 324 1055 1060 1083
1770 324 1058 1055 1060
1771 324 1059 1055 1060
1772 324 1060 1081 1084
1773 324 1060 1081 1085
1774 324 1061 1064 1080
1775 324 1062 1061 1064
1776 324 1063 1061 1064
1777 324 1064 1065 1066
1778 324 1064 1065 1067
1779 324 1064 1065 1068
1780 324 1065 1064 1080
1781 324 1070 1073 1074
1782 324 1070 1073 1075
1783 324 1071 1070 1073
1784 324 1072 1070 1073
1785 324 1081 1060 1082
1786 324 1081 1060 1083
1787 324 1081 1086 1088
1788 324 1081 1086 1089
1789 324 1084 1081 1086
1790 324 1085 1081 1086
1791 324 1086 1087 1090
1792 324 1086 1087 1091
1793 324 1087 1086 1088
1794 324 1087 1086 1089
1795 324 1087 1092 1094
1796 324 1087 1092 1095
1797 324 1090 1087 1092
1798 324 1091 1087 1092
1799 324 1092 1093 1096
1800 324 1092 1093 1097
1801 324 1093 1092 1094
1802 324 1093 1092 1095
1803 324 1093 1098 1100
1804 324 1093 1098 1101
1805 324 1096 1093 1098
1806 324 1097 1093 1098
1807 324 1098 1099 1102
1808 324 1098 1099 1103
1809 324 1099 1098 1100
1810 324 1099 1098 1101
1811 324 1099 1104 1106
1812 324 1099 1104 1107
1813 324 1102 1099 1104
1814 324 1103 1099 1104
1815 324 1104 1105 1108
1816 324 1104 1105 1109
1817 324 1105 1104 1106
1818 324 1105 1104 1107
1819 324 1105 1110 1112
1820 324 1105 1110 1113
1821 324 1108 1105 1110
1822 324 1109 1105 1110
1823 324 1110 1111 1114
1824 324 1110 1111 1115
1825 324 1111 1110 1112
1826 324 1111 1110 1113
1827 324 1111 1116 1119
1828 324 1114 1111 1116
1829 324 1115 1111 1116
1830 324 1116 1117 1120
1831 324 1116 1117 1121
1832 324 1117 1116 1119
1833 324 1117 1122 1144
1834 324 1117 1122 1145
1835 324 1120 1117 1122
1836 324 1121 1117 1122
1837 324 1122 1143 1146
1838 324 1122 1143 1147
1839 324 1123 1126 1142
1840 324 1124 1123 1126
1841 324 1125 1123 1126
1842 324 1126 1127 1128
1843 324 1126 1127 1129
1844 324 1126 1127 1130
1845 324 1127 1126 1142
1846 324 1132 1135 1136
1847 324 1132 1135 1137
1848 324 1133 1132 1135
1849 324 1134 1132 1135
1850 324 1143 1122 1144
1851 324 1143 1122 1145
1852 324 1143 1148 1150
1853 324 1143 1148 1151
1854 324 1146 1143 1148
1855 324 1147 1143 1148
1856 324 1148 1149 1152
1857 324 1148 1149 1153
1858 324 1149 1148 1150
1859 324 1149 1148 1151
1860 324 1149 1154 1156
1861 324 1149 1154 1157
1862 324 1152 1149 1154
1863 324 1153 1149 1154
1864 324 1154 1155 1158
1865 324 1154 1155 1159
1866 324 1155 1154 1156
1867 324 1155 1154 1157
1868 324 1155 1160 1162
1869 324 1155 1160 1163
1870 324 1158 1155 1160
1871 324 1159 1155 1160
1872 324 1160 1161 1164
1873 324 1160 1161 1165
1874 324 1161 1160 1162
1875 324 1161 1160 1163
1876 324 1161 1166 1168
1877 324 1161 1166 1169
1878 324 1164 1161 1166
1879 324 1165 1161 1166
1880 324 1166 1167 1170
1881 324 1166 1167 1171
1882 324 1167 1166 1168
1883 324 1167 1166 1169
1884 324 1167 1172 1174
1885 324 1167 1172 1175
1886 324 1170 1167 1172
1887 324 1171 1167 1172
1888 324 1172 1173 1176
1889 324 1172 1173 1177
1890 324 1173 1172 1174
1891 324 1173 1172 1175
1892 324 1173 1178 1181
1893 324 1176 1173 1178
1894 324 1177 1173 1178
1895 324 1178 1179 1182
1896 324 1178 1179 1183
1897 324 1179 1178 1181
1898 324 1179 1184 1206
1899 324 1179 1184 1207
1900 324 1182 1179 1184
1901 324 1183 1179 1184
1902 324 1184 1205 1208
1903 324 1184 1205 1209
1904 324 1185 1188 1204
1905 324 1186 1185 1188
1906 324 1187 1185 1188
1907 324 1188 1189 1190
1908 324 1188 1189 1191
1909 324 1188 1189 1192
1910 324 1189 1188 1204
1911 324 1194 1197 1198
1912 324 1194 1197 1199
1913 324 1195 1194 1197
1914 324 1196 1194 1197
1915 324 1205 1184 1206
1916 324 1205 1184 1207
1917 324 1205 1210 1212
1918 324 1205 1210 1213
1919 324 1208 1205 1210
1920 324 1209 1205 1210
1921 324 1210 1211 1214
1922 324 1210 1211 1215
1923 324 1211 1210 1212
1924 324 1211 1210 1213
1925 324 1211 1216 1218
1926 324 1211 1216 1219
1927 324 1214 1211 1216
1928 324 1215 1211 1216
1929 324 1216 1217 1220
1930 324 1216 1217 1221
1931 324 1217 1216 1218
1932 324 1217 1216 1219
1933 324 1217 1222 1224
1934 324 1217 1222 1225
1935 324 1220 1217 1222
1936 324 1221 1217 1222
1937 324 1222 1223 1226
1938 324 1222 1223 1227
1939 324 1223 1222 1224
1940 324 1223 1222 1225
1941 324 1223 1228 1230
1942 324 1223 1228 1231
1943 324 1226 1223 1228
1944 324 1227 1223 1228
1945 324 1228 1229 1232
1946 324 1228 1229 1233
1947 324 1229 1228 1230
1948 324 1229 1228 1231
1949 324 1229 1234 1236
1950 324 1229 1234 1237
1951 324 1232 1229 1234
1952 324 1233 1229 1234
1953 324 1234 1235 1238
1954 324 1234 1235 1239
1955 324 1235 1234 1236
1956 324 1235 1234 1237
1957 324 1235 1240 1243
1958 324 1238 1235 1240
1959 324 1239 1235 1240
1960 324 1240 1241 1244
1961 324 1240 1241 1245
1962 324 1240 1241 1246
1963 324 1241 1240 1243
1964 324 1247 1250 1266
1965 324 1248 1247 1250
1966 324 1249 1247 1250
1967 324 1250 1251 1252
1968 324 1250 1251 1253
1969 324 1250 1251 1254
1970 324 1251 1250 1266
1971 324 1256 1259 1260
1972 324 1256 1259 1261
1973 324 1257 1256 1259
1974 324 1258 1256 1259
1975 324 1271 1272 1276
1976 324 1271 1272 1277
1977 324 1272 1271 1273
1978 324 1272 1271 1274
1979 324 1272 1271 1275
1980 324 1272 1278 1280
1981 324 1272 1278 1281
1982 324 1276 1272 1278
1983 324 1277 1272 1278
1984 324 1278 1279 1282
1985 324 1278 1279 1283
1986 324 1279 1278 1280
1987 324 1279 1278 1281
1988 324 1279 1284 1286
1989 324 1279 1284 1287
1990 324 1282 1279 1284
1991 324 1283 1279 1284
1992 324 1284 1285 1288
1993 324 1284 1285 1289
1994 324 1285 1284 1286
1995 324 1285 1284 1287
1996 324 1285 1290 1292
1997 324 1285 1290 1293
1998 324 1288 1285 1290
1999 324 1289 1285 1290
2000 324 1290 1291 1294
2001 324 1290 1291 1295
2002 324 1291 1290 1292
2003 324 1291 1290 1293
2004 324 1291 1296 1298
2005 324 1291 1296 1299
2006 324 1294 1291 1296
2007 324 1295 1291 1296
2008 324 1296 1297 1300
2009 324 1296 1297 1301
2010 324 1297 1296 1298
2011 324 1297 1296 1299
2012 324 1297 1302 1304
2013 324 1297 1302 1305
2014 324 1300 1297 1302
2015 324 1301 1297 1302
2016 324 1302 1303 1306
2017 324 1302 1303 1307
2018 324 1303 1302 1304
2019 324 1303 1302 1305
2020 324 1303 1308 1311
2021 324 1306 1303 1308
2022 324 1307 1303 1308
2023 324 1308 1309 1312
2024 324 1308 1309 1313
2025 324 1309 1308 1311
2026 324 1309 1314 1336
2027 324 1309 1314 1337
2028 324 1312 1309 1314
2029 324 1313 1309 1314
2030 324 1314 1335 1338
2031 324 1314 1335 1339
2032 324 1315 1318 1334
2033 324 1316 1315 1318
2034 324 1317 1315 1318
2035 324 1318 1319 1320
2036 324 1318 1319 1321
2037 324 1318 1319 1322
2038 324 1319 1318 1334
2039 324 1324 1327 1328
2040 324 1324 1327 1329
2041 324 1325 1324 1327
2042 324 1326 1324 1327
2043 324 1335 1314 1336
2044 324 1335 1314 1337
2045 324 1335 1340 1342
2046 324 1335 1340 1343
2047 324 1338 1335 1340
2048 324 1339 1335 1340
2049 324 1340 1341 1344
2050 324 1340 1341 1345
2051 324 1341 1340 1342
2052 324 1341 1340 1343
2053 324 1341 1346 1348
2054 324 1341 1346 1349
2055 324 1344 1341 1346
2056 324 1345 1341 1346
2057 324 1346 1347 1350
2058 324 1346 1347 1351
2059 324 1347 1346 1348
2060 324 1347 1346 1349
2061 324 1347 1352 1354
2062 324 1347 1352 1355
2063 324 1350 1347 1352
2064 324 1351 1347 1352
2065 324 1352 1353 1356
2066 324 1352 1353 1357
2067 324 1353 1352 1354
2068 324 1353 1352 1355
2069 324 1353 1358 1360
2070 324 1353 1358 1361
2071 324 1356 1353 1358
2072 324 1357 1353 1358
2073 324 1358 1359 1362
2074 324 1358 1359 1363
2075 324 1359 1358 1360
2076 324 1359 1358 1361
2077 324 1359 1364 1366
2078 324 1359 1364 1367
2079 324 1362 1359 1364
2080 324 1363 1359 1364
2081 324 1364 1365 1368
2082 324 1364 1365 1369
2083 324 1365 1364 1366
2084 324 1365 1364 1367
2085 324 1365 1370 1373
2086 324 1368 1365 1370
2087 324 1369 1365 1370
2088 324 1370 1371 1374
2089 324 1370 1371 1375
2090 324 1371 1370 1373
2091 324 1371 1376 1398
2092 324 1371 1376 1399
2093 324 1374 1371 1376
2094 324 1375 1371 1376
2095 324 1376 1397 1400
2096 324 1376 1397 1401
2097 324 1377 1380 1396
2098 324 1378 1377 1380
2099 324 1379 1377 1380
2100 324 1380 1381 1382
2101 324 1380 1381 1383
2102 324 1380 1381 1384
2103 324 1381 1380 1396
2104 324 1386 1389 1390
2105 324 1386 1389 1391
2106 324 1387 1386 1389
2107 324 1388 1386 1389
2108 324 1397 1376 1398
2109 324 1397 1376 1399
2110 324 1397 1402 1404
2111 324 1397 1402 1405
2112 324 1400 1397 1402
2113 324 1401 1397 1402
2114 324 1402 1403 1406
2115 324 1402 1403 1407
2116 324 1403 1402 1404
2117 324 1403 1402 1405
2118 324 1403 1408 1410
2119 324 1403 1408 1411
2120 324 1406 1403 1408
2121 324 1407 1403 1408
2122 324 1408 1409 1412
2123 324 1408 1409 1413
2124 324 1409 1408 1410
2125 324 1409 1408 1411
2126 324 1409 1414 1416
2127 324 1409 1414 1417
2128 324 1412 1409 1414
2129 324 1413 1409 1414
2130 324 1414 1415 1418
2131 324 1414 1415 1419
2132 324 1415 1414 1416
2133 324 1415 1414 1417
2134 324 1415 1420 1422
2135 324 1415 1420 1423
2136 324 1418 1415 1420
2137 324 1419 1415 1420
2138 324 1420 1421 1424
2139 324 1420 1421 1425
2140 324 1421 1420 1422
2141 324 1421 1420 1423
2142 324 1421 1426 1428
2143 324 1421 1426 1429
2144 324 1424 1421 1426
2145 324 1425 1421 1426
2146 324 1426 1427 1430
2147 324 1426 1427 1431
2148 324 1427 1426 1428
2149 324 1427 1426 1429
2150 324 1427 1432 1435
2151 324 1430 1427 1432
2152 324 1431 1427 1432
2153 324 1432 1433 1436
2154 324 1432 1433 1437
2155 324 1433 1432 1435
2156 324 1433 1438 1460
2157 324 1433 1438 1461
2158 324 1436 1433 1438
2159 324 1437 1433 1438
2160 324 1438 1459 1462
2161 324 1438 1459 1463
2162 324 1439 1442 1458
2163 324 1440 1439 1442
2164 324 1441 1439 1442
2165 324 1442 1443 1444
2166 324 1442 1443 1445
2167 324 1442 1443 1446
2168 324 1443 1442 1458
2169 324 1448 1451 1452
2170 324 1448 1451 1453
2171 324 1449 1448 1451
2172 324 1450 1448 1451
2173 324 1459 1438 1460
2174 324 1459 1438 1461
2175 324 1459 1464 1466
2176 324 1459 1464 1467
2177 324 1462 1459 1464
2178 324 1463 1459 1464
2179 324 1464 1465 1468
2180 324 1464 1465 1469
2181 324 1465 1464 1466
2182 324 1465 1464 1467
2183 324 1465 1470 1472
2184 324 1465 1470 1473
2185 324 1468 1465 1470
2186 324 1469 1465 1470
2187 324 1470 1471 1474
2188 324 1470 1471 1475
2189 324 1471 1470 1472
2190 324 1471 1470 1473
2191 324 1471 1476 1478
2192 324 1471 1476 1479
2193 324 1474 1471 1476
2194 324 1475 1471 1476
2195 324 1476 1477 1480
2196 324 1476 1477 1481
2197 324 1477 1476 1478
2198 324 1477 1476 1479
2199 324 1477 1482 1484
2200 324 1477 1482 1485
2201 324 1480 1477 1482
2202 324 1481 1477 1482
2203 324 1482 1483 1486
2204 324 1482 1483 1487
2205 324 1483 1482 1484
2206 324 1483 1482 1485
2207 324 1483 1488 1490
2208 324 1483 1488 1491
2209 324 1486 1483 1488
2210 324 1487 1483 1488
2211 324 1488 1489 1492
2212 324 1488 1489 1493
2213 324 1489 1488 1490
2214 324 1489 1488 1491
2215 324 1489 1494 1497
2216 324 1492 1489 1494
2217 324 1493 1489 1494
2218 324 1494 1495 1498
2219 324 1494 1495 1499
2220 324 1494 1495 1500
2221 324 1495 1494 1497
2222 324 1501 1504 1520
2223 324 1502 1501 1504
2224 324 1503 1501 1504
2225 324 1504 1505 1506
2226 324 1504 1505 1507
2227 324 1504 1505 1508
2228 324 1505 1504 1520
2229 324 1510 1513 1514
2230 324 1510 1513 1515
2231 324 1511 1510 1513
2232 324 1512 1510 1513
2233 340 33 38 40
2234 340 39 38 40
2235 340 45 48 53
2236 340 40 45 48
2237 340 49 48 53
2238 340 53 54 57
2239 340 95 100 102
2240 340 101 100 102
2241 340 107 110 115
2242 340 102 107 110
2243 340 111 110 115
2244 340 115 116 119
2245 340 157 162 164
2246 340 163 162 164
2247 340 169 172 177
2248 340 164 169 172
2249 340 173 172 177
2250 340 177 178 181
2251 340 219 224 226
2252 340 225 224 226
2253 340 231 234 239
2254 340 226 231 234
2255 340 235 234 239
2256 340 239 240 243
2257 340 287 292 294
2258 340 293 292 294
2259 340 299 302 307
2260 340 294 299 302
2261 340 303 302 307
2262 340 307 308 311
2263 340 349 354 356
2264 340 355 354 356
2265 340 361 364 369
2266 340 356 361 364
2267 340 365 364 369
2268 340 369 370 373
2269 340 411 416 418
2270 340 417 416 418
2271 340 423 426 431
2272 340 418 423 426
2273 340 427 426 431
2274 340 431 432 435
2275 340 473 478 480
2276 340 479 478 480
2277 340 485 488 493
2278 340 480 485 488
2279 340 489 488 493
2280 340 493 494 497
2281 340 541 546 548
2282 340 547 546 548
2283 340 553 556 561
2284 340 548 553 556
2285 340 557 556 561
2286 340 561 562 565
2287 340 603 608 610
2288 340 609 608 610
2289 340 615 618 623
2290 340 610 615 618
2291 340 619 618 623
2292 340 623 624 627
2293 340 665 670 672
2294 340 671 670 672
2295 340 677 680 685
2296 340 672 677 680
2297 340 681 680 685
2298 340 685 686 689
2299 340 727 732 734
2300 340 733 732 734
2301 340 739 742 747
2302 340 734 739 742
2303 340 743 742 747
2304 340 747 748 751
2305 340 795 800 802
2306 340 801 800 802
2307 340 807 810 815
2308 340 802 807 810
2309 340 811 810 815
2310 340 815 816 819
2311 340 857 862 864
2312 340 863 862 864
2313 340 869 872 877
2314 340 864 869 872
2315 340 873 872 877
2316 340 877 878 881
2317 340 919 924 926
2318 340 925 924 926
2319 340 931 934 939
2320 340 926 931 934
2321 340 935 934 939
2322 340 939 940 943
2323 340 981 986 988
2324 340 987 986 988
2325 340 993 996 1001
2326 340 988 993 996
2327 340 997 996 1001
2328 340 1001 1002 1005
2329 340 1049 1054 1056
2330 340 1055 1054 1056
2331 340 1061 1064 1069
2332 340 1056 1061 1064
2333 340 1065 1064 1069
2334 340 1069 1070 1073
2335 340 1111 1116 1118
2336 340 1117 1116 1118
2337 340 1123 1126 1131
2338 340 1118 1123 1126
2339 340 1127 1126 1131
2340 340 1131 1132 1135
2341 340 1173 1178 1180
2342 340 1179 1178 1180
2343 340 1185 1188 1193
2344 340 1180 1185 1188
2345 340 1189 1188 1193
2346 340 1193 1194 1197
2347 340 1235 1240 1242
2348 340 1241 1240 1242
2349 340 1247 1250 1255
2350 340 1242 1247 1250
2351 340 1251 1250 1255
2352 340 1255 1256 1259
2353 340 1303 1308 1310
2354 340 1309 1308 1310
2355 340 1315 1318 1323
2356 340 1310 1315 1318
2357 340 1319 1318 1323
2358 340 1323 1324 1327
2359 340 1365 1370 1372
2360 340 1371 1370 1372
2361 340 1377 1380 1385
2362 340 1372 1377 1380
2363 340 1381 1380 1385
2364 340 1385 1386 1389
2365 340 1427 1432 1434
2366 340 1433 1432 1434
2367 340 1439 1442 1447
2368 340 1434 1439 1442
2369 340 1443 1442 1447
2370 340 1447 1448 1451
2371 340 1489 1494 1496
2372 340 1495 1494 1496
2373 340 1501 1504 1509
2374 340 1496 1501 1504
2375 340 1505 1504 1509
2376 340 1509 1510 1513
2377 344 54 57 60
2378 344 116 119 122
2379 344 178 181 184
2380 344 240 243 246
2381 344 308 311 314
2382 344 370 373 376
2383 344 432 435 438
2384 344 494 497 500
2385 344 562 565 568
2386 344 624 627 630
2387 344 686 689 692
2388 344 748 751 754
2389 344 816 819 822
2390 344 878 881 884
2391 344 940 943 946
2392 344 1002 1005 1008
2393 344 1070 1073 1076
2394 344 1132 1135 1138
2395 344 1194 1197 1200
2396 344 1256 1259 1262
2397 344 1324 1327 1330
2398 344 1386 1389 1392
2399 344 1448 1451 1454
2400 344 1510 1513 1516
2401 465 3 1 4
2402 465 3 1 5
2403 465 4 1 5
2404 465 6 2 7
2405 465 10 8 11
2406 465 12 9 13
2407 465 16 14 17
2408 465 18 15 19
2409 465 22 20 23
2410 465 24 21 25
2411 465 28 26 29
2412 465 30 27 31
2413 465 34 32 35
2414 465 36 33 37
2415 465 42 39 43
2416 465 46 45 47
2417 465 50 49 51
2418 465 50 49 52
2419 465 51 49 52
2420 465 55 54 56
2421 465 58 57 59
2422 465 66 44 67
2423 465 68 65 69
2424 465 72 70 73
2425 465 74 71 75
2426 465 78 76 79
2427 465 80 77 81
2428 465 84 82 85
2429 465 86 83 87
2430 465 90 88 91
2431 465 92 89 93
2432 465 96 94 97
2433 465 98 95 99
2434 465 104 101 105
2435 465 108 107 109
2436 465 112 111 113
2437 465 112 111 114
2438 465 113 111 114
2439 465 117 116 118
2440 465 120 119 121
2441 465 128 106 129
2442 465 130 127 131
2443 465 134 132 135
2444 465 136 133 137
2445 465 140 138 141
2446 465 142 139 143
2447 465 146 144 147
2448 465 148 145 149
2449 465 152 150 153
2450 465 154 151 155
2451 465 158 156 159
2452 465 160 157 161
2453 465 166 163 167
2454 465 170 169 171
2455 465 174 173 175
2456 465 174 173 176
2457 465 175 173 176
2458 465 179 178 180
2459 465 182 181 183
2460 465 190 168 191
2461 465 192 189 193
2462 465 196 194 197
2463 465 198 195 199
2464 465 202 200 203
2465 465 204 201 205
2466 465 208 206 209
2467 465 210 207 211
2468 465 214 212 215
2469 465 216 213 217
2470 465 220 218 221
2471 465 222 219 223
2472 465 228 225 229
2473 465 228 225 230
2474 465 229 225 230
2475 465 232 231 233
2476 465 236 235 237
2477 465 236 235 238
2478 465 237 235 238
2479 465 241 240 242
2480 465 244 243 245
2481 465 257 255 258
2482 465 257 255 259
2483 465 258 255 259
2484 465 260 256 261
2485 465 264 262 265
2486 465 266 263 267
2487 465 270 268 271
2488 465 272 269 273
2489 465 276 274 277
2490 465 278 275 279
2491 465 282 280 283
2492 465 284 281 285
2493 465 288 286 289
2494 465 290 287 291
2495 465 296 293 297
2496 465 300 299 301
2497 465 304 303 305
2498 465 304 303 306
2499 465 305 303 306
2500 465 309 308 310
2501 465 312 311 313
2502 465 320 298 321
2503 465 322 319 323
2504 465 326 324 327
2505 465 328 325 329
2506 465 332 330 333
2507 465 334 331 335
2508 465 338 336 339
2509 465 340 337 341
2510 465 344 342 345
2511 465 346 343 347
2512 465 350 348 351
2513 465 352 349 353
2514 465 358 355 359
2515 465 362 361 363
2516 465 366 365 367
2517 465 366 365 368
2518 465 367 365 368
2519 465 371 370 372
2520 465 374 373 375
2521 465 382 360 383
2522 465 384 381 385
2523 465 388 386 389
2524 465 390 387 391
2525 465 394 392 395
2526 465 396 393 397
2527 465 400 398 401
2528 465 402 399 403
2529 465 406 404 407
2530 465 408 405 409
2531 465 412 410 413
2532 465 414 411 415
2533 465 420 417 421
2534 465 424 423 425
2535 465 428 427 429
2536 465 428 427 430
2537 465 429 427 430
2538 465 433 432 434
2539 465 436 435 437
2540 465 444 422 445
2541 465 446 443 447
2542 465 450 448 451
2543 465 452 449 453
2544 465 456 454 457
2545 465 458 455 459
2546 465 462 460 463
2547 465 464 461 465
2548 465 468 466 469
2549 465 470 467 471
2550 465 474 472 475
2551 465 476 473 477
2552 465 482 479 483
2553 465 482 479 484
2554 465 483 479 484
2555 465 486 485 487
2556 465 490 489 491
2557 465 490 489 492
2558 465 491 489 492
2559 465 495 494 496
2560 465 498 497 499
2561 465 511 509 512
2562 465 511 509 513
2563 465 512 509 513
2564 465 514 510 515
2565 465 518 516 519
2566 465 520 517 521
2567 465 524 522 525
2568 465 526 523 527
2569 465 530 528 531
2570 465 532 529 533
2571 465 536 534 537
2572 465 538 535 539
2573 465 542 540 543
2574 465 544 541 545
2575 465 550 547 551
2576 465 554 553 555
2577 465 558 557 559
2578 465 558 557 560
2579 465 559 557 560
2580 465 563 562 564
2581 465 566 565 567
2582 465 574 552 575
2583 465 576 573 577
2584 465 580 578 581
2585 465 582 579 583
2586 465 586 584 587
2587 465 588 585 589
2588 465 592 590 593
2589 465 594 591 595
2590 465 598 596 599
2591 465 600 597 601
2592 465 604 602 605
2593 465 606 603 607
2594 465 612 609 613
2595 465 616 615 617
2596 465 620 619 621
2597 465 620 619 622
2598 465 621 619 622
2599 465 625 624 626
2600 465 628 627 629
2601 465 636 614 637
2602 465 638 635 639
2603 465 642 640 643
2604 465 644 641 645
2605 465 648 646 649
2606 465 650 647 651
2607 465 654 652 655
2608 465 656 653 657
2609 465 660 658 661
2610 465 662 659 663
2611 465 666 664 667
2612 465 668 665 669
2613 465 674 671 675
2614 465 678 677 679
2615 465 682 681 683
2616 465 682 681 684
2617 465 683 681 684
2618 465 687 686 688
2619 465 690 689 691
2620 465 698 676 699
2621 465 700 697 701
2622 465 704 702 705
2623 465 706 703 707
2624 465 710 708 711
2625 465 712 709 713
2626 465 716 714 717
2627 465 718 715 719
2628 465 722 720 723
2629 465 724 721 725
2630 465 728 726 729
2631 465 730 727 731
2632 465 736 733 737
2633 465 736 733 738
2634 465 737 733 738
2635 465 740 739 741
2636 465 744 743 745
2637 465 744 743 746
2638 465 745 743 746
2639 465 749 748 750
2640 465 752 751 753
2641 465 765 763 766
2642 465 765 763 767
2643 465 766 763 767
2644 465 768 764 769
2645 465 772 770 773
2646 465 774 771 775
2647 465 778 776 779
2648 465 780 777 781
2649 465 784 782 785
2650 465 786 783 787
2651 465 790 788 791
2652 465 792 789 793
2653 465 796 794 797
2654 465 798 795 799
2655 465 804 801 805
2656 465 808 807 809
2657 465 812 811 813
2658 465 812 811 814
2659 465 813 811 814
2660 465 817 816 818
2661 465 820 819 821
2662 465 828 806 829
2663 465 830 827 831
2664 465 834 832 835
2665 465 836 833 837
2666 465 840 838 841
2667 465 842 839 843
2668 465 846 844 847
2669 465 848 845 849
2670 465 852 850 853
2671 465 854 851 855
2672 465 858 856 859
2673 465 860 857 861
2674 465 866 863 867
2675 465 870 869 871
2676 465 874 873 875
2677 465 874 873 876
2678 465 875 873 876
2679 465 879 878 880
2680 465 882 881 883
2681 465 890 868 891
2682 465 892 889 893
2683 465 896 894 897
2684 465 898 895 899
2685 465 902 900 903
2686 465 904 901 905
2687 465 908 906 909
2688 465 910 907 911
2689 465 914 912 915
2690 465 916 913 917
2691 465 920 918 921
2692 465 922 919 923
2693 465 928 925 929
2694 465 932 931 933
2695 465 936 935 937
2696 465 936 935 938
2697 465 937 935 938
2698 465 941 940 942
2699 465 944 943 945
2700 465 952 930 953
2701 465 954 951 955
2702 465 958 956 959
2703 465 960 957 961
2704 465 964 962 965
2705 465 966 963 967
2706 465 970 968 971
2707 465 972 969 973
2708 465 976 974 977
2709 465 978 975 979
2710 465 982 980 983
2711 465 984 981 985
2712 465 990 987 991
2713 465 990 987 992
2714 465 991 987 992
2715 465 994 993 995
2716 465 998 997 999
2717 465 998 997 1000
2718 465 999 997 1000
2719 465 1003 1002 1004
2720 465 1006 1005 1007
2721 465 1019 1017 1020
2722 465 1019 1017 1021
2723 465 1020 1017 1021
2724 465 1022 1018 1023
2725 465 1026 1024 1027
2726 465 1028 1025 1029
2727 465 1032 1030 1033
2728 465 1034 1031 1035
2729 465 1038 1036 1039
2730 465 1040 1037 1041
2731 465 1044 1042 1045
2732 465 1046 1043 1047
2733 465 1050 1048 1051
2734 465 1052 1049 1053
2735 465 1058 1055 1059
2736 465 1062 1061 1063
2737 465 1066 1065 1067
2738 465 1066 1065 1068
2739 465 1067 1065 1068
2740 465 1071 1070 1072
2741 465 1074 1073 1075
2742 465 1082 1060 1083
2743 465 1084 1081 1085
2744 465 1088 1086 1089
2745 465 1090 1087 1091
2746 465 1094 1092 1095
2747 465 1096 1093 1097
2748 465 1100 1098 1101
2749 465 1102 1099 1103
2750 465 1106 1104 1107
2751 465 1108 1105 1109
2752 465 1112 1110 1113
2753 465 1114 1111 1115
2754 465 1120 1117 1121
2755 465 1124 1123 1125
2756 465 1128 1127 1129
2757 465 1128 1127 1130
2758 465 1129 1127 1130
2759 465 1133 1132 1134
2760 465 1136 1135 1137
2761 465 1144 1122 1145
2762 465 1146 1143 1147
2763 465 1150 1148 1151
2764 465 1152 1149 1153
2765 465 1156 1154 1157
2766 465 1158 1155 1159
2767 465 1162 1160 1163
2768 465 1164 1161 1165
2769 465 1168 1166 1169
2770 465 1170 1167 1171
2771 465 1174 1172 1175
2772 465 1176 1173 1177
2773 465 1182 1179 1183
2774 465 1186 1185 1187
2775 465 1190 1189 1191
2776 465 1190 1189 1192
2777 465 1191 1189 1192
2778 465 1195 1194 1196
2779 465 1198 1197 1199
2780 465 1206 1184 1207
2781 465 1208 1205 1209
2782 465 1212 1210 1213
2783 465 1214 1211 1215
2784 465 1218 1216 1219
2785 465 1220 1217 1221
2786 465 1224 1222 1225
2787 465 1226 1223 1227
2788 465 1230 1228 1231
2789 465 1232 1229 1233
2790 465 1236 1234 1237
2791 465 1238 1235 1239
2792 465 1244 1241 1245
2793 465 1244 1241 1246
2794 465 1245 1241 1246
2795 465 1248 1247 1249
2796 465 1252 1251 1253
2797 465 1252 1251 1254
2798 465 1253 1251 1254
2799 465 1257 1256 1258
2800 465 1260 1259 1261
2801 465 1273 1271 1274
2802 465 1273 1271 1275
2803 465 1274 1271 1275
2804 465 1276 1272 1277
2805 465 1280 1278 1281
2806 465 1282 1279 1283
2807 465 1286 1284 1287
2808 465 1288 1285 1289
2809 465 1292 1290 1293
2810 465 1294 1291 1295
2811 465 1298 1296 1299
2812 465 1300 1297 1301
2813 465 1304 1302 1305
2814 465 1306 1303 1307
2815 465 1312 1309 1313
2816 465 1316 1315 1317
2817 465 1320 1319 1321
2818 465 1320 1319 1322
2819 465 1321 1319 1322
2820 465 1325 1324 1326
2821 465 1328 1327 1329
2822 465 1336 1314 1337
2823 465 1338 1335 1339
2824 465 1342 1340 1343
2825 465 1344 1341 1345
2826 465 1348 1346 1349
2827 465 1350 1347 1351
2828 465 1354 1352 1355
2829 465 1356 1353 1357
2830 465 1360 1358 1361
2831 465 1362 1359 1363
2832 465 1366 1364 1367
2833 465 1368 1365 1369
2834 465 1374 1371 1375
2835 465 1378 1377 1379
2836 465 1382 1381 1383
2837 465 1382 1381 1384
2838 465 1383 1381 1384
2839 465 1387 1386 1388
2840 465 1390 1389 1391
2841 465 1398 1376 1399
2842 465 1400 1397 1401
2843 465 1404 1402 1405
2844 465 1406 1403 1407
2845 465 1410 1408 1411
2846 465 1412 1409 1413
2847 465 1416 1414 1417
2848 465 1418 1415 1419
2849 465 1422 1420 1423
2850 465 1424 1421 1425
2851 465 1428 1426 1429
2852 465 1430 1427 1431
2853 465 1436 1433 1437
2854 465 1440 1439 1441
2855 465 1444 1443 1445
2856 465 1444 1443 1446
2857 465 1445 1443 1446
2858 465 1449 1448 1450
2859 465 1452 1451 1453
2860 465 1460 1438 1461
2861 465 1462 1459 1463
2862 465 1466 1464 1467
2863 465 1468 1465 1469
2864 465 1472 1470 1473
2865 465 1474 1471 1475
2866 465 1478 1476 1479
2867 465 1480 1477 1481
2868 465 1484 1482 1485
2869 465 1486 1483 1487
2870 465 1490 1488 1491
2871 465 1492 1489 1493
2872 465 1498 1495 1499
2873 465 1498 1495 1500
2874 465 1499 1495 1500
2875 465 1502 1501 1503
2876 465 1506 1505 1507
2877 465 1506 1505 1508
2878 465 1507 1505 1508
2879 465 1511 1510 1512
2880 465 1514 1513 1515
2881 471 40 38 41
2882 471 40 45 46
2883 471 40 45 47
2884 471 53 54 55
2885 471 53 54 56
2886 471 53 48 64
2887 471 102 100 103
2888 471 102 107 108
2889 471 102 107 109
2890 471 115 116 117
2891 471 115 116 118
2892 471 115 110 126
2893 471 164 162 165
2894 471 164 169 170
2895 471 164 169 171
2896 471 177 178 179
2897 471 177 178 180
2898 471 177 172 188
2899 471 226 224 227
2900 471 226 231 232
2901 471 226 231 233
2902 471 239 240 241
2903 471 239 240 242
2904 471 239 234 250
2905 471 294 292 295
2906 471 294 299 300
2907 471 294 299 301
2908 471 307 308 309
2909 471 307 308 310
2910 471 307 302 318
2911 471 356 354 357
2912 471 356 361 362
2913 471 356 361 363
2914 471 369 370 371
2915 471 369 370 372
2916 471 369 364 380
2917 471 418 416 419
2918 471 418 423 424
2919 471 418 423 425
2920 471 431 432 433
2921 471 431 432 434
2922 471 431 426 442
2923 471 480 478 481
2924 471 480 485 486
2925 471 480 485 487
2926 471 493 494 495
2927 471 493 494 496
2928 471 493 488 504
2929 471 548 546 549
2930 471 548 553 554
2931 471 548 553 555
2932 471 561 562 563
2933 471 561 562 564
2934 471 561 556 572
2935 471 610 608 611
2936 471 610 615 616
2937 471 610 615 617
2938 471 623 624 625
2939 471 623 624 626
2940 471 623 618 634
2941 471 672 670 673
2942 471 672 677 678
2943 471 672 677 679
2944 471 685 686 687
2945 471 685 686 688
2946 471 685 680 696
2947 471 734 732 735
2948 471 734 739 740
2949 471 734 739 741
2950 471 747 748 749
2951 471 747 748 750
2952 471 747 742 758
2953 471 802 800 803
2954 471 802 807 808
2955 471 802 807 809
2956 471 815 816 817
2957 471 815 816 818
2958 471 815 810 826
2959 471 864 862 865
2960 471 864 869 870
2961 471 864 869 871
2962 471 877 878 879
2963 471 877 878 880
2964 471 877 872 888
2965 471 926 924 927
2966 471 926 931 932
2967 471 926 931 933
2968 471 939 940 941
2969 471 939 940 942
2970 471 939 934 950
2971 471 988 986 989
2972 471 988 993 994
2973 471 988 993 995
2974 471 1001 1002 1003
2975 471 1001 1002 1004
2976 471 1001 996 1012
2977 471 1056 1054 1057
2978 471 1056 1061 1062
2979 471 1056 1061 1063
2980 471 1069 1070 1071
2981 471 1069 1070 1072
2982 471 1069 1064 1080
2983 471 1118 1116 1119
2984 471 1118 1123 1124
2985 471 1118 1123 1125
2986 471 1131 1132 1133
2987 471 1131 1132 1134
2988 471 1131 1126 1142
2989 471 1180 1178 1181
2990 471 1180 1185 1186
2991 471 1180 1185 1187
2992 471 1193 1194 1195
2993 471 1193 1194 1196
2994 471 1193 1188 1204
2995 471 1242 1240 1243
2996 471 1242 1247 1248
2997 471 1242 1247 1249
2998 471 1255 1256 1257
2999 471 1255 1256 1258
3000 471 1255 1250 1266
3001 471 1310 1308 1311
3002 471 1310 1315 1316
3003 471 1310 1315 1317
3004 471 1323 1324 1325
3005 471 1323 1324 1326
3006 471 1323 1318 1334
3007 471 1372 1370 1373
3008 471 1372 1377 1378
3009 471 1372 1377 1379
3010 471 1385 1386 1387
3011 471 1385 1386 1388
3012 471 1385 1380 1396
3013 471 1434 1432 1435
3014 471 1434 1439 1440
3015 471 1434 1439 1441
3016 471 1447 1448 1449
3017 471 1447 1448 1450
3018 471 1447 1442 1458
3019 471 1496 1494 1497
3020 471 1496 1501 1502
3021 471 1496 1501 1503
3022 471 1509 1510 1511
3023 471 1509 1510 1512
3024 471 1509 1504 1520
3025 473 58 57 60
3026 473 59 57 60
3027 473 120 119 122
3028 473 121 119 122
3029 473 182 181 184
3030 473 183 181 184
3031 473 244 243 246
3032 473 245 243 246
3033 473 312 311 314
3034 473 313 311 314
3035 473 374 373 376
3036 473 375 373 376
3037 473 436 435 438
3038 473 437 435 438
3039 473 498 497 500
3040 473 499 497 500
3041 473 566 565 568
3042 473 567 565 568
3043 473 628 627 630
3044 473 629 627 630
3045 473 690 689 692
3046 473 691 689 692
3047 473 752 751 754
3048 473 753 751 754
3049 473 820 819 822
3050 473 821 819 822
3051 473 882 881 884
3052 473 883 881 884
3053 473 944 943 946
3054 473 945 943 946
3055 473 1006 1005 1008
3056 473 1007 1005 1008
3057 473 1074 1073 1076
3058 473 1075 1073 1076
3059 473 1136 1135 1138
3060 473 1137 1135 1138
3061 473 1198 1197 1200
3062 473 1199 1197 1200
3063 473 1260 1259 1262
3064 473 1261 1259 1262
3065 473 1328 1327 1330
3066 473 1329 1327 1330
3067 473 1390 1389 1392
3068 473 1391 1389 1392
3069 473 1452 1451 1454
3070 473 1453 1451 1454
3071 473 1514 1513 1516
3072 473 1515 1513 1516
3073 2871 60 63 251
3074 2871 122 125 252
3075 2871 184 187 253
3076 2871 246 249 254
3077 2871 314 317 505
3078 2871 376 379 506
3079 2871 438 441 507
3080 2871 500 503 508
3081 2871 568 571 759
3082 2871 630 633 760
3083 2871 692 695 761
3084 2871 754 757 762
3085 2871 822 825 1013
3086 2871 884 887 1014
3087 2871 946 949 1015
3088 2871 1008 1011 1016
3089 2871 1076 1079 1267
3090 2871 1138 1141 1268
3091 2871 1200 1203 1269
3092 2871 1262 1265 1270
3093 2871 1330 1333 1521
3094 2871 1392 1395 1522
3095 2871 1454 1457 1523
3096 2871 1516 1519 1524
3097 2886 38 40 45
3098 2886 48 53 54
3099 2886 100 102 107
3100 2886 110 115 116
3101 2886 162 164 169
3102 2886 172 177 178
3103 2886 224 226 231
3104 2886 234 239 240
3105 2886 292 294 299
3106 2886 302 307 308
3107 2886 354 356 361
3108 2886 364 369 370
3109 2886 416 418 423
3110 2886 426 431 432
3111 2886 478 480 485
3112 2886 488 493 494
3113 2886 546 548 553
3114 2886 556 561 562
3115 2886 608 610 615
3116 2886 618 623 624
3117 2886 670 672 677
3118 2886 680 685 686
3119 2886 732 734 739
3120 2886 742 747 748
3121 2886 800 802 807
3122 2886 810 815 816
3123 2886 862 864 869
3124 2886 872 877 878
3125 2886 924 926 931
3126 2886 934 939 940
3127 2886 986 988 993
3128 2886 996 1001 1002
3129 2886 1054 1056 1061
3130 2886 1064 1069 1070
3131 2886 1116 1118 1123
3132 2886 1126 1131 1132
3133 2886 1178 1180 1185
3134 2886 1188 1193 1194
3135 2886 1240 1242 1247
3136 2886 1250 1255 1256
3137 2886 1308 1310 1315
3138 2886 1318 1323 1324
3139 2886 1370 1372 1377
3140 2886 1380 1385 1386
3141 2886 1432 1434 1439
3142 2886 1442 1447 1448
3143 2886 1494 1496 1501
3144 2886 1504 1509 1510
3145 3772 57 60 61
3146 3772 57 60 62
3147 3772 119 122 123
3148 3772 119 122 124
3149 3772 181 184 185
3150 3772 181 184 186
3151 3772 243 246 247
3152 3772 243 246 248
3153 3772 311 314 315
3154 3772 311 314 316
3155 3772 373 376 377
3156 3772 373 376 378
3157 3772 435 438 439
3158 3772 435 438 440
3159 3772 497 500 501
3160 3772 497 500 502
3161 3772 565 568 569
3162 3772 565 568 570
3163 3772 627 630 631
3164 3772 627 630 632
3165 3772 689 692 693
3166 3772 689 692 694
3167 3772 751 754 755
3168 3772 751 754 756
3169 3772 819 822 823
3170 3772 819 822 824
3171 3772 881 884 885
3172 3772 881 884 886
3173 3772 943 946 947
3174 3772 943 946 948
3175 3772 1005 1008 1009
3176 3772 1005 1008 1010
3177 3772 1073 1076 1077
3178 3772 1073 1076 1078
3179 3772 1135 1138 1139
3180 3772 1135 1138 1140
3181 3772 1197 1200 1201
3182 3772 1197 1200 1202
3183 3772 1259 1262 1263
3184 3772 1259 1262 1264
3185 3772 1327 1330 1331
3186 3772 1327 1330 1332
3187 3772 1389 1392 1393
3188 3772 1389 1392 1394
3189 3772 1451 1454 1455
3190 3772 1451 1454 1456
3191 3772 1513 1516 1517
3192 3772 1513 1516 1518
3193 3773 57 60 63
3194 3773 119 122 125
3195 3773 181 184 187
3196 3773 243 246 249
3197 3773 311 314 317
3198 3773 373 376 379
3199 3773 435 438 441
3200 3773 497 500 503
3201 3773 565 568 571
3202 3773 627 630 633
3203 3773 689 692 695
3204 3773 751 754 757
3205 3773 819 822 825
3206 3773 881 884 887
3207 3773 943 946 949
3208 3773 1005 1008 1011
3209 3773 1073 1076 1079
3210 3773 1135 1138 1141
3211 3773 1197 1200 1203
3212 3773 1259 1262 1265
3213 3773 1327 1330 1333
3214 3773 1389 1392 1395
3215 3773 1451 1454 1457
3216 3773 1513 1516 1519
3217 3826 61 60 62
3218 3826 123 122 124
3219 3826 185 184 186
3220 3826 247 246 248
3221 3826 315 314 316
3222 3826 377 376 378
3223 3826 439 438 440
3224 3826 501 500 502
3225 3826 569 568 570
3226 3826 631 630 632
3227 3826 693 692 694
3228 3826 755 754 756
3229 3826 823 822 824
3230 3826 885 884 886
3231 3826 947 946 948
3232 3826 1009 1008 1010
3233 3826 1077 1076 1078
3234 3826 1139 1138 1140
3235 3826 1201 1200 1202
3236 3826 1263 1262 1264
3237 3826 1331 1330 1332
3238 3826 1393 1392 1394
3239 3826 1455 1454 1456
3240 3826 1517 1516 1518
3241 3827 61 60 63
3242 3827 62 60 63
3243 3827 123 122 125
3244 3827 124 122 125
3245 3827 185 184 187
3246 3827 186 184 187
3247 3827 247 246 249
3248 3827 248 246 249
3249 3827 315 314 317
3250 3827 316 314 317
3251 3827 377 376 379
3252 3827 378 376 379
3253 3827 439 438 441
3254 3827 440 438 441
3255 3827 501 500 503
3256 3827 502 500 503
3257 3827 569 568 571
3258 3827 570 568 571
3259 3827 631 630 633
3260 3827 632 630 633
3261 3827 693 692 695
3262 3827 694 692 695
3263 3827 755 754 757
3264 3827 756 754 757
3265 3827 823 822 825
3266 3827 824 822 825
3267 3827 885 884 887
3268 3827 886 884 887
3269 3827 947 946 949
3270 3827 948 946 949
3271 3827 1009 1008 1011
3272 3827 1010 1008 1011
3273 3827 1077 1076 1079
3274 3827 1078 1076 1079
3275 3827 1139 1138 1141
3276 3827 1140 1138 1141
3277 3827 1201 1200 1203
3278 3827 1202 1200 1203
3279 3827 1263 1262 1265
3280 3827 1264 1262 1265
3281 3827 1331 1330 1333
3282 3827 1332 1330 1333
3283 3827 1393 1392 1395
3284 3827 1394 1392 1395
3285 3827 1455 1454 1457
3286 3827 1456 1454 1457
3287 3827 1517 1516 1519
3288 3827 1518 1516 1519
2 5316 1526 1525 1527
4 5316 1529 1528 1530
6 5316 1532 1531 1533
8 5316 1535 1534 1536
10 5316 1538 1537 1539
12 5316 1541 1540 1542
14 5316 1544 1543 1545
16 5316 1547 1546 1548
18 5316 1550 1549 1551
20 5316 1553 1552 1554
22 5316 1556 1555 1557
24 5316 1559 1558 1560
26 5316 1562 1561 1563
28 5316 1565 1564 1566
30 5316 1568 1567 1569
32 5316 1571 1570 1572
34 5316 1574 1573 1575
36 5316 1577 1576 1578
38 5316 1580 1579 1581
40 5316 1583 1582 1584
42 5316 1586 1585 1587
44 5316 1589 1588 1590
46 5316 1592 1591 1593
48 5316 1595 1594 1596
50 5316 1598 1597 1599
52 5316 1601 1600 1602
54 5316 1604 1603 1605
56 5316 1607 1606 1608
58 5316 1610 1609 1611
60 5316 1613 1612 1614
62 5316 1616 1615 1617
64 5316 1619 1618 1620
66 5316 1622 1621 1623
68 5316 1625 1624 1626
70 5316 1628 1627 1629
72 5316 1631 1630 1632
74 5316 1634 1633 1635
76 5316 1637 1636 1638
78 5316 1640 1639 1641
80 5316 1643 1642 1644
82 5316 1646 1645 1647
84 5316 1649 1648 1650
86 5316 1652 1651 1653
88 5316 1655 1654 1656
90 5316 1658 1657 1659
92 5316 1661 1660 1662
94 5316 1664 1663 1665
96 5316 1667 1666 1668
98 5316 1670 1669 1671
100 5316 1673 1672 1674
102 5316 1676 1675 1677
104 5316 1679 1678 1680
106 5316 1682 1681 1683
108 5316 1685 1684 1686
110 5316 1688 1687 1689
112 5316 1691 1690 1692
114 5316 1694 1693 1695
116 5316 1697 1696 1698
118 5316 1700 1699 1701
120 5316 1703 1702 1704
122 5316 1706 1705 1707
124 5316 1709 1708 1710
126 5316 1712 1711 1713
128 5316 1715 1714 1716
130 5316 1718 1717 1719
132 5316 1721 1720 1722
134 5316 1724 1723 1725
136 5316 1727 1726 1728
138 5316 1730 1729 1731
140 5316 1733 1732 1734
142 5316 1736 1735 1737
144 5316 1739 1738 1740
146 5316 1742 1741 1743
148 5316 1745 1744 1746
150 5316 1748 1747 1749
152 5316 1751 1750 1752
154 5316 1754 1753 1755
156 5316 1757 1756 1758
158 5316 1760 1759 1761
160 5316 1763 1762 1764
162 5316 1766 1765 1767
164 5316 1769 1768 1770
166 5316 1772 1771 1773
168 5316 1775 1774 1776
170 5316 1778 1777 1779
172 5316 1781 1780 1782
174 5316 1784 1783 1785
176 5316 1787 1786 1788
178 5316 1790 1789 1791
180 5316 1793 1792 1794
182 5316 1796 1795 1797
184 5316 1799 1798 1800
186 5316 1802 1801 1803
188 5316 1805 1804 1806
190 5316 1808 1807 1809
192 5316 1811 1810 1812
194 5316 1814 1813 1815
196 5316 1817 1816 1818
198 5316 1820 1819 1821
200 5316 1823 1822 1824
202 5316 1826 1825 1827
204 5316 1829 1828 1830
206 5316 1832 1831 1833
208 5316 1835 1834 1836
210 5316 1838 1837 1839
212 5316 1841 1840 1842
214 5316 1844 1843 1845
216 5316 1847 1846 1848
218 5316 1850 1849 1851
220 5316 1853 1852 1854
222 5316 1856 1855 1857
224 5316 1859 1858 1860
226 5316 1862 1861 1863
228 5316 1865 1864 1866
230 5316 1868 1867 1869
232 5316 1871 1870 1872
234 5316 1874 1873 1875
236 5316 1877 1876 1878
238 5316 1880 1879 1881
240 5316 1883 1882 1884
242 5316 1886 1885 1887
244 5316 1889 1888 1890
246 5316 1892 1891 1893
248 5316 1895 1894 1896
250 5316 1898 1897 1899
252 5316 1901 1900 1902
254 5316 1904 1903 1905
256 5316 1907 1906 1908
258 5316 1910 1909 1911
260 5316 1913 1912 1914
262 5316 1916 1915 1917
264 5316 1919 1918 1920
266 5316 1922 1921 1923
268 5316 1925 1924 1926
270 5316 1928 1927 1929
272 5316 1931 1930 1932
274 5316 1934 1933 1935
276 5316 1937 1936 1938
278 5316 1940 1939 1941
280 5316 1943 1942 1944
282 5316 1946 1945 1947
284 5316 1949 1948 1950
286 5316 1952 1951 1953
288 5316 1955 1954 1956
290 5316 1958 1957 1959
292 5316 1961 1960 1962
294 5316 1964 1963 1965
296 5316 1967 1966 1968
298 5316 1970 1969 1971
300 5316 1973 1972 1974
302 5316 1976 1975 1977
304 5316 1979 1978 1980
306 5316 1982 1981 1983
308 5316 1985 1984 1986
310 5316 1988 1987 1989
312 5316 1991 1990 1992
314 5316 1994 1993 1995
316 5316 1997 1996 1998
318 5316 2000 1999 2001
320 5316 2003 2002 2004
322 5316 2006 2005 2007
324 5316 2009 2008 2010
326 5316 2012 2011 2013
328 5316 2015 2014 2016
330 5316 2018 2017 2019
332 5316 2021 2020 2022
334 5316 2024 2023 2025
336 5316 2027 2026 2028
338 5316 2030 2029 2031
340 5316 2033 2032 2034
342 5316 2036 2035 2037
344 5316 2039 2038 2040
346 5316 2042 2041 2043
348 5316 2045 2044 2046
350 5316 2048 2047 2049
352 5316 2051 2050 2052
354 5316 2054 2053 2055
356 5316 2057 2056 2058
358 5316 2060 2059 2061
360 5316 2063 2062 2064
362 5316 2066 2065 2067
364 5316 2069 2068 2070
366 5316 2072 2071 2073
368 5316 2075 2074 2076
370 5316 2078 2077 2079
372 5316 2081 2080 2082
374 5316 2084 2083 2085
376 5316 2087 2086 2088
378 5316 2090 2089 2091
380 5316 2093 2092 2094
382 5316 2096 2095 2097
384 5316 2099 2098 2100
386 5316 2102 2101 2103
388 5316 2105 2104 2106
390 5316 2108 2107 2109
392 5316 2111 2110 2112
394 5316 2114 2113 2115
396 5316 2117 2116 2118
398 5316 2120 2119 2121
400 5316 2123 2122 2124
402 5316 2126 2125 2127
404 5316 2129 2128 2130
406 5316 2132 2131 2133
408 5316 2135 2134 2136
410 5316 2138 2137 2139
412 5316 2141 2140 2142
414 5316 2144 2143 2145
416 5316 2147 2146 2148
418 5316 2150 2149 2151
420 5316 2153 2152 2154
422 5316 2156 2155 2157
424 5316 2159 2158 2160
426 5316 2162 2161 2163
428 5316 2165 2164 2166
430 5316 2168 2167 2169
432 5316 2171 2170 2172
434 5316 2174 2173 2175
436 5316 2177 2176 2178
438 5316 2180 2179 2181
440 5316 2183 2182 2184
442 5316 2186 2185 2187
444 5316 2189 2188 2190
446 5316 2192 2191 2193
448 5316 2195 2194 2196
450 5316 2198 2197 2199
452 5316 2201 2200 2202
454 5316 2204 2203 2205
456 5316 2207 2206 2208
458 5316 2210 2209 2211
460 5316 2213 2212 2214
462 5316 2216 2215 2217
464 5316 2219 2218 2220
466 5316 2222 2221 2223
468 5316 2225 2224 2226
470 5316 2228 2227 2229
472 5316 2231 2230 2232
474 5316 2234 2233 2235
476 5316 2237 2236 2238
478 5316 2240 2239 2241
480 5316 2243 2242 2244
482 5316 2246 2245 2247
484 5316 2249 2248 2250
486 5316 2252 2251 2253
488 5316 2255 2254 2256
490 5316 2258 2257 2259
492 5316 2261 2260 2262
494 5316 2264 2263 2265
496 5316 2267 2266 2268
498 5316 2270 2269 2271
500 5316 2273 2272 2274
502 5316 2276 2275 2277
504 5316 2279 2278 2280
506 5316 2282 2281 2283
508 5316 2285 2284 2286
510 5316 2288 2287 2289
512 5316 2291 2290 2292
514 5316 2294 2293 2295
516 5316 2297 2296 2298
518 5316 2300 2299 2301
520 5316 2303 2302 2304
522 5316 2306 2305 2307
524 5316 2309 2308 2310
526 5316 2312 2311 2313
528 5316 2315 2314 2316
530 5316 2318 2317 2319
532 5316 2321 2320 2322
534 5316 2324 2323 2325
536 5316 2327 2326 2328
538 5316 2330 2329 2331
540 5316 2333 2332 2334
542 5316 2336 2335 2337
544 5316 2339 2338 2340
546 5316 2342 2341 2343
548 5316 2345 2344 2346
550 5316 2348 2347 2349
552 5316 2351 2350 2352
554 5316 2354 2353 2355
556 5316 2357 2356 2358
558 5316 2360 2359 2361
560 5316 2363 2362 2364
562 5316 2366 2365 2367
564 5316 2369 2368 2370
566 5316 2372 2371 2373
568 5316 2375 2374 2376
570 5316 2378 2377 2379
572 5316 2381 2380 2382
574 5316 2384 2383 2385
576 5316 2387 2386 2388
578 5316 2390 2389 2391
580 5316 2393 2392 2394
582 5316 2396 2395 2397
584 5316 2399 2398 2400
586 5316 2402 2401 2403
588 5316 2405 2404 2406
590 5316 2408 2407 2409
592 5316 2411 2410 2412
594 5316 2414 2413 2415
596 5316 2417 2416 2418
598 5316 2420 2419 2421
600 5316 2423 2422 2424
602 5316 2426 2425 2427
604 5316 2429 2428 2430
606 5316 2432 2431 2433
608 5316 2435 2434 2436
610 5316 2438 2437 2439
612 5316 2441 2440 2442
614 5316 2444 2443 2445
616 5316 2447 2446 2448
618 5316 2450 2449 2451
620 5316 2453 2452 2454
622 5316 2456 2455 2457
624 5316 2459 2458 2460
626 5316 2462 2461 2463
628 5316 2465 2464 2466
630 5316 2468 2467 2469
632 5316 2471 2470 2472
634 5316 2474 2473 2475
636 5316 2477 2476 2478
638 5316 2480 2479 2481
640 5316 2483 2482 2484
642 5316 2486 2485 2487
644 5316 2489 2488 2490
646 5316 2492 2491 2493
648 5316 2495 2494 2496
650 5316 2498 2497 2499
652 5316 2501 2500 2502
654 5316 2504 2503 2505
656 5316 2507 2506 2508
658 5316 2510 2509 2511
660 5316 2513 2512 2514
662 5316 2516 2515 2517
664 5316 2519 2518 2520
666 5316 2522 2521 2523
668 5316 2525 2524 2526
670 5316 2528 2527 2529
672 5316 2531 2530 2532
