1 113 1 2
2 124 1 3
3 124 1 4
4 124 1 5
5 124 2 6
6 124 2 7
7 113 2 8
8 113 8 9
9 124 8 10
10 124 8 11
11 124 9 12
12 124 9 13
13 113 9 14
14 113 14 15
15 124 14 16
16 124 14 17
17 124 15 18
18 124 15 19
19 113 15 20
20 113 20 21
21 124 20 22
22 124 20 23
23 124 21 24
24 124 21 25
25 113 21 26
26 113 26 27
27 124 26 28
28 124 26 29
29 124 27 30
30 124 27 31
31 113 27 32
32 113 32 33
33 124 32 34
34 124 32 35
35 124 33 36
36 124 33 37
37 113 33 38
38 113 38 39
39 143 38 40
40 124 38 41
41 124 39 42
42 124 39 43
43 113 39 44
44 143 40 45
45 113 44 65
46 124 44 66
47 124 44 67
48 124 45 46
49 124 45 47
50 113 45 48
51 113 48 49
52 143 48 53
53 124 48 64
54 124 49 50
55 124 49 51
56 124 49 52
57 143 53 54
58 124 54 55
59 124 54 56
60 113 54 57
61 124 57 58
62 124 57 59
63 152 57 60
64 705 60 61
65 705 60 62
66 687 60 63
67 458 63 251
68 124 65 68
69 124 65 69
70 113 65 70
71 113 70 71
72 124 70 72
73 124 70 73
74 124 71 74
75 124 71 75
76 113 71 76
77 113 76 77
78 124 76 78
79 124 76 79
80 124 77 80
81 124 77 81
82 113 77 82
83 113 82 83
84 124 82 84
85 124 82 85
86 124 83 86
87 124 83 87
88 113 83 88
89 113 88 89
90 124 88 90
91 124 88 91
92 124 89 92
93 124 89 93
94 113 89 94
95 113 94 95
96 124 94 96
97 124 94 97
98 124 95 98
99 124 95 99
100 113 95 100
101 113 100 101
102 143 100 102
103 124 100 103
104 124 101 104
105 124 101 105
106 113 101 106
107 143 102 107
108 113 106 127
109 124 106 128
110 124 106 129
111 124 107 108
112 124 107 109
113 113 107 110
114 113 110 111
115 143 110 115
116 124 110 126
117 124 111 112
118 124 111 113
119 124 111 114
120 143 115 116
121 124 116 117
122 124 116 118
123 113 116 119
124 124 119 120
125 124 119 121
126 152 119 122
127 705 122 123
128 705 122 124
129 687 122 125
130 458 125 252
131 124 127 130
132 124 127 131
133 113 127 132
134 113 132 133
135 124 132 134
136 124 132 135
137 124 133 136
138 124 133 137
139 113 133 138
140 113 138 139
141 124 138 140
142 124 138 141
143 124 139 142
144 124 139 143
145 113 139 144
146 113 144 145
147 124 144 146
148 124 144 147
149 124 145 148
150 124 145 149
151 113 145 150
152 113 150 151
153 124 150 152
154 124 150 153
155 124 151 154
156 124 151 155
157 113 151 156
158 113 156 157
159 124 156 158
160 124 156 159
161 124 157 160
162 124 157 161
163 113 157 162
164 113 162 163
165 143 162 164
166 124 162 165
167 124 163 166
168 124 163 167
169 113 163 168
170 143 164 169
171 113 168 189
172 124 168 190
173 124 168 191
174 124 169 170
175 124 169 171
176 113 169 172
177 113 172 173
178 143 172 177
179 124 172 188
180 124 173 174
181 124 173 175
182 124 173 176
183 143 177 178
184 124 178 179
185 124 178 180
186 113 178 181
187 124 181 182
188 124 181 183
189 152 181 184
190 705 184 185
191 705 184 186
192 687 184 187
193 458 187 253
194 124 189 192
195 124 189 193
196 113 189 194
197 113 194 195
198 124 194 196
199 124 194 197
200 124 195 198
201 124 195 199
202 113 195 200
203 113 200 201
204 124 200 202
205 124 200 203
206 124 201 204
207 124 201 205
208 113 201 206
209 113 206 207
210 124 206 208
211 124 206 209
212 124 207 210
213 124 207 211
214 113 207 212
215 113 212 213
216 124 212 214
217 124 212 215
218 124 213 216
219 124 213 217
220 113 213 218
221 113 218 219
222 124 218 220
223 124 218 221
224 124 219 222
225 124 219 223
226 113 219 224
227 113 224 225
228 143 224 226
229 124 224 227
230 124 225 228
231 124 225 229
232 124 225 230
233 143 226 231
234 124 231 232
235 124 231 233
236 113 231 234
237 113 234 235
238 143 234 239
239 124 234 250
240 124 235 236
241 124 235 237
242 124 235 238
243 143 239 240
244 124 240 241
245 124 240 242
246 113 240 243
247 124 243 244
248 124 243 245
249 152 243 246
250 705 246 247
251 705 246 248
252 687 246 249
253 458 249 254
254 113 255 256
255 124 255 257
256 124 255 258
257 124 255 259
258 124 256 260
259 124 256 261
260 113 256 262
261 113 262 263
262 124 262 264
263 124 262 265
264 124 263 266
265 124 263 267
266 113 263 268
267 113 268 269
268 124 268 270
269 124 268 271
270 124 269 272
271 124 269 273
272 113 269 274
273 113 274 275
274 124 274 276
275 124 274 277
276 124 275 278
277 124 275 279
278 113 275 280
279 113 280 281
280 124 280 282
281 124 280 283
282 124 281 284
283 124 281 285
284 113 281 286
285 113 286 287
286 124 286 288
287 124 286 289
288 124 287 290
289 124 287 291
290 113 287 292
291 113 292 293
292 143 292 294
293 124 292 295
294 124 293 296
295 124 293 297
296 113 293 298
297 143 294 299
298 113 298 319
299 124 298 320
300 124 298 321
301 124 299 300
302 124 299 301
303 113 299 302
304 113 302 303
305 143 302 307
306 124 302 318
307 124 303 304
308 124 303 305
309 124 303 306
310 143 307 308
311 124 308 309
312 124 308 310
313 113 308 311
314 124 311 312
315 124 311 313
316 152 311 314
317 705 314 315
318 705 314 316
319 687 314 317
320 458 317 505
321 124 319 322
322 124 319 323
323 113 319 324
324 113 324 325
325 124 324 326
326 124 324 327
327 124 325 328
328 124 325 329
329 113 325 330
330 113 330 331
331 124 330 332
332 124 330 333
333 124 331 334
334 124 331 335
335 113 331 336
336 113 336 337
337 124 336 338
338 124 336 339
339 124 337 340
340 124 337 341
341 113 337 342
342 113 342 343
343 124 342 344
344 124 342 345
345 124 343 346
346 124 343 347
347 113 343 348
348 113 348 349
349 124 348 350
350 124 348 351
351 124 349 352
352 124 349 353
353 113 349 354
354 113 354 355
355 143 354 356
356 124 354 357
357 124 355 358
358 124 355 359
359 113 355 360
360 143 356 361
361 113 360 381
362 124 360 382
363 124 360 383
364 124 361 362
365 124 361 363
366 113 361 364
367 113 364 365
368 143 364 369
369 124 364 380
370 124 365 366
371 124 365 367
372 124 365 368
373 143 369 370
374 124 370 371
375 124 370 372
376 113 370 373
377 124 373 374
378 124 373 375
379 152 373 376
380 705 376 377
381 705 376 378
382 687 376 379
383 458 379 506
384 124 381 384
385 124 381 385
386 113 381 386
387 113 386 387
388 124 386 388
389 124 386 389
390 124 387 390
391 124 387 391
392 113 387 392
393 113 392 393
394 124 392 394
395 124 392 395
396 124 393 396
397 124 393 397
398 113 393 398
399 113 398 399
400 124 398 400
401 124 398 401
402 124 399 402
403 124 399 403
404 113 399 404
405 113 404 405
406 124 404 406
407 124 404 407
408 124 405 408
409 124 405 409
410 113 405 410
411 113 410 411
412 124 410 412
413 124 410 413
414 124 411 414
415 124 411 415
416 113 411 416
417 113 416 417
418 143 416 418
419 124 416 419
420 124 417 420
421 124 417 421
422 113 417 422
423 143 418 423
424 113 422 443
425 124 422 444
426 124 422 445
427 124 423 424
428 124 423 425
429 113 423 426
430 113 426 427
431 143 426 431
432 124 426 442
433 124 427 428
434 124 427 429
435 124 427 430
436 143 431 432
437 124 432 433
438 124 432 434
439 113 432 435
440 124 435 436
441 124 435 437
442 152 435 438
443 705 438 439
444 705 438 440
445 687 438 441
446 458 441 507
447 124 443 446
448 124 443 447
449 113 443 448
450 113 448 449
451 124 448 450
452 124 448 451
453 124 449 452
454 124 449 453
455 113 449 454
456 113 454 455
457 124 454 456
458 124 454 457
459 124 455 458
460 124 455 459
461 113 455 460
462 113 460 461
463 124 460 462
464 124 460 463
465 124 461 464
466 124 461 465
467 113 461 466
468 113 466 467
469 124 466 468
470 124 466 469
471 124 467 470
472 124 467 471
473 113 467 472
474 113 472 473
475 124 472 474
476 124 472 475
477 124 473 476
478 124 473 477
479 113 473 478
480 113 478 479
481 143 478 480
482 124 478 481
483 124 479 482
484 124 479 483
485 124 479 484
486 143 480 485
487 124 485 486
488 124 485 487
489 113 485 488
490 113 488 489
491 143 488 493
492 124 488 504
493 124 489 490
494 124 489 491
495 124 489 492
496 143 493 494
497 124 494 495
498 124 494 496
499 113 494 497
500 124 497 498
501 124 497 499
502 152 497 500
503 705 500 501
504 705 500 502
505 687 500 503
506 458 503 508
507 113 509 510
508 124 509 511
509 124 509 512
510 124 509 513
511 124 510 514
512 124 510 515
513 113 510 516
514 113 516 517
515 124 516 518
516 124 516 519
517 124 517 520
518 124 517 521
519 113 517 522
520 113 522 523
521 124 522 524
522 124 522 525
523 124 523 526
524 124 523 527
525 113 523 528
526 113 528 529
527 124 528 530
528 124 528 531
529 124 529 532
530 124 529 533
531 113 529 534
532 113 534 535
533 124 534 536
534 124 534 537
535 124 535 538
536 124 535 539
537 113 535 540
538 113 540 541
539 124 540 542
540 124 540 543
541 124 541 544
542 124 541 545
543 113 541 546
544 113 546 547
545 143 546 548
546 124 546 549
547 124 547 550
548 124 547 551
549 113 547 552
550 143 548 553
551 113 552 573
552 124 552 574
553 124 552 575
554 124 553 554
555 124 553 555
556 113 553 556
557 113 556 557
558 143 556 561
559 124 556 572
560 124 557 558
561 124 557 559
562 124 557 560
563 143 561 562
564 124 562 563
565 124 562 564
566 113 562 565
567 124 565 566
568 124 565 567
569 152 565 568
570 705 568 569
571 705 568 570
572 687 568 571
573 458 571 759
574 124 573 576
575 124 573 577
576 113 573 578
577 113 578 579
578 124 578 580
579 124 578 581
580 124 579 582
581 124 579 583
582 113 579 584
583 113 584 585
584 124 584 586
585 124 584 587
586 124 585 588
587 124 585 589
588 113 585 590
589 113 590 591
590 124 590 592
591 124 590 593
592 124 591 594
593 124 591 595
594 113 591 596
595 113 596 597
596 124 596 598
597 124 596 599
598 124 597 600
599 124 597 601
600 113 597 602
601 113 602 603
602 124 602 604
603 124 602 605
604 124 603 606
605 124 603 607
606 113 603 608
607 113 608 609
608 143 608 610
609 124 608 611
610 124 609 612
611 124 609 613
612 113 609 614
613 143 610 615
614 113 614 635
615 124 614 636
616 124 614 637
617 124 615 616
618 124 615 617
619 113 615 618
620 113 618 619
621 143 618 623
622 124 618 634
623 124 619 620
624 124 619 621
625 124 619 622
626 143 623 624
627 124 624 625
628 124 624 626
629 113 624 627
630 124 627 628
631 124 627 629
632 152 627 630
633 705 630 631
634 705 630 632
635 687 630 633
636 458 633 760
637 124 635 638
638 124 635 639
639 113 635 640
640 113 640 641
641 124 640 642
642 124 640 643
643 124 641 644
644 124 641 645
645 113 641 646
646 113 646 647
647 124 646 648
648 124 646 649
649 124 647 650
650 124 647 651
651 113 647 652
652 113 652 653
653 124 652 654
654 124 652 655
655 124 653 656
656 124 653 657
657 113 653 658
658 113 658 659
659 124 658 660
660 124 658 661
661 124 659 662
662 124 659 663
663 113 659 664
664 113 664 665
665 124 664 666
666 124 664 667
667 124 665 668
668 124 665 669
669 113 665 670
670 113 670 671
671 143 670 672
672 124 670 673
673 124 671 674
674 124 671 675
675 113 671 676
676 143 672 677
677 113 676 697
678 124 676 698
679 124 676 699
680 124 677 678
681 124 677 679
682 113 677 680
683 113 680 681
684 143 680 685
685 124 680 696
686 124 681 682
687 124 681 683
688 124 681 684
689 143 685 686
690 124 686 687
691 124 686 688
692 113 686 689
693 124 689 690
694 124 689 691
695 152 689 692
696 705 692 693
697 705 692 694
698 687 692 695
699 458 695 761
700 124 697 700
701 124 697 701
702 113 697 702
703 113 702 703
704 124 702 704
705 124 702 705
706 124 703 706
707 124 703 707
708 113 703 708
709 113 708 709
710 124 708 710
711 124 708 711
712 124 709 712
713 124 709 713
714 113 709 714
715 113 714 715
716 124 714 716
717 124 714 717
718 124 715 718
719 124 715 719
720 113 715 720
721 113 720 721
722 124 720 722
723 124 720 723
724 124 721 724
725 124 721 725
726 113 721 726
727 113 726 727
728 124 726 728
729 124 726 729
730 124 727 730
731 124 727 731
732 113 727 732
733 113 732 733
734 143 732 734
735 124 732 735
736 124 733 736
737 124 733 737
738 124 733 738
739 143 734 739
740 124 739 740
741 124 739 741
742 113 739 742
743 113 742 743
744 143 742 747
745 124 742 758
746 124 743 744
747 124 743 745
748 124 743 746
749 143 747 748
750 124 748 749
751 124 748 750
752 113 748 751
753 124 751 752
754 124 751 753
755 152 751 754
756 705 754 755
757 705 754 756
758 687 754 757
759 458 757 762
760 113 763 764
761 124 763 765
762 124 763 766
763 124 763 767
764 124 764 768
765 124 764 769
766 113 764 770
767 113 770 771
768 124 770 772
769 124 770 773
770 124 771 774
771 124 771 775
772 113 771 776
773 113 776 777
774 124 776 778
775 124 776 779
776 124 777 780
777 124 777 781
778 113 777 782
779 113 782 783
780 124 782 784
781 124 782 785
782 124 783 786
783 124 783 787
784 113 783 788
785 113 788 789
786 124 788 790
787 124 788 791
788 124 789 792
789 124 789 793
790 113 789 794
791 113 794 795
792 124 794 796
793 124 794 797
794 124 795 798
795 124 795 799
796 113 795 800
797 113 800 801
798 143 800 802
799 124 800 803
800 124 801 804
801 124 801 805
802 113 801 806
803 143 802 807
804 113 806 827
805 124 806 828
806 124 806 829
807 124 807 808
808 124 807 809
809 113 807 810
810 113 810 811
811 143 810 815
812 124 810 826
813 124 811 812
814 124 811 813
815 124 811 814
816 143 815 816
817 124 816 817
818 124 816 818
819 113 816 819
820 124 819 820
821 124 819 821
822 152 819 822
823 705 822 823
824 705 822 824
825 687 822 825
826 458 825 1013
827 124 827 830
828 124 827 831
829 113 827 832
830 113 832 833
831 124 832 834
832 124 832 835
833 124 833 836
834 124 833 837
835 113 833 838
836 113 838 839
837 124 838 840
838 124 838 841
839 124 839 842
840 124 839 843
841 113 839 844
842 113 844 845
843 124 844 846
844 124 844 847
845 124 845 848
846 124 845 849
847 113 845 850
848 113 850 851
849 124 850 852
850 124 850 853
851 124 851 854
852 124 851 855
853 113 851 856
854 113 856 857
855 124 856 858
856 124 856 859
857 124 857 860
858 124 857 861
859 113 857 862
860 113 862 863
861 143 862 864
862 124 862 865
863 124 863 866
864 124 863 867
865 113 863 868
866 143 864 869
867 113 868 889
868 124 868 890
869 124 868 891
870 124 869 870
871 124 869 871
872 113 869 872
873 113 872 873
874 143 872 877
875 124 872 888
876 124 873 874
877 124 873 875
878 124 873 876
879 143 877 878
880 124 878 879
881 124 878 880
882 113 878 881
883 124 881 882
884 124 881 883
885 152 881 884
886 705 884 885
887 705 884 886
888 687 884 887
889 458 887 1014
890 124 889 892
891 124 889 893
892 113 889 894
893 113 894 895
894 124 894 896
895 124 894 897
896 124 895 898
897 124 895 899
898 113 895 900
899 113 900 901
900 124 900 902
901 124 900 903
902 124 901 904
903 124 901 905
904 113 901 906
905 113 906 907
906 124 906 908
907 124 906 909
908 124 907 910
909 124 907 911
910 113 907 912
911 113 912 913
912 124 912 914
913 124 912 915
914 124 913 916
915 124 913 917
916 113 913 918
917 113 918 919
918 124 918 920
919 124 918 921
920 124 919 922
921 124 919 923
922 113 919 924
923 113 924 925
924 143 924 926
925 124 924 927
926 124 925 928
927 124 925 929
928 113 925 930
929 143 926 931
930 113 930 951
931 124 930 952
932 124 930 953
933 124 931 932
934 124 931 933
935 113 931 934
936 113 934 935
937 143 934 939
938 124 934 950
939 124 935 936
940 124 935 937
941 124 935 938
942 143 939 940
943 124 940 941
944 124 940 942
945 113 940 943
946 124 943 944
947 124 943 945
948 152 943 946
949 705 946 947
950 705 946 948
951 687 946 949
952 458 949 1015
953 124 951 954
954 124 951 955
955 113 951 956
956 113 956 957
957 124 956 958
958 124 956 959
959 124 957 960
960 124 957 961
961 113 957 962
962 113 962 963
963 124 962 964
964 124 962 965
965 124 963 966
966 124 963 967
967 113 963 968
968 113 968 969
969 124 968 970
970 124 968 971
971 124 969 972
972 124 969 973
973 113 969 974
974 113 974 975
975 124 974 976
976 124 974 977
977 124 975 978
978 124 975 979
979 113 975 980
980 113 980 981
981 124 980 982
982 124 980 983
983 124 981 984
984 124 981 985
985 113 981 986
986 113 986 987
987 143 986 988
988 124 986 989
989 124 987 990
990 124 987 991
991 124 987 992
992 143 988 993
993 124 993 994
994 124 993 995
995 113 993 996
996 113 996 997
997 143 996 1001
998 124 996 1012
999 124 997 998
1000 124 997 999
1001 124 997 1000
1002 143 1001 1002
1003 124 1002 1003
1004 124 1002 1004
1005 113 1002 1005
1006 124 1005 1006
1007 124 1005 1007
1008 152 1005 1008
1009 705 1008 1009
1010 705 1008 1010
1011 687 1008 1011
1012 458 1011 1016
1013 113 1017 1018
1014 124 1017 1019
1015 124 1017 1020
1016 124 1017 1021
1017 124 1018 1022
1018 124 1018 1023
1019 113 1018 1024
1020 113 1024 1025
1021 124 1024 1026
1022 124 1024 1027
1023 124 1025 1028
1024 124 1025 1029
1025 113 1025 1030
1026 113 1030 1031
1027 124 1030 1032
1028 124 1030 1033
1029 124 1031 1034
1030 124 1031 1035
1031 113 1031 1036
1032 113 1036 1037
1033 124 1036 1038
1034 124 1036 1039
1035 124 1037 1040
1036 124 1037 1041
1037 113 1037 1042
1038 113 1042 1043
1039 124 1042 1044
1040 124 1042 1045
1041 124 1043 1046
1042 124 1043 1047
1043 113 1043 1048
1044 113 1048 1049
1045 124 1048 1050
1046 124 1048 1051
1047 124 1049 1052
1048 124 1049 1053
1049 113 1049 1054
1050 113 1054 1055
1051 143 1054 1056
1052 124 1054 1057
1053 124 1055 1058
1054 124 1055 1059
1055 113 1055 1060
1056 143 1056 1061
1057 113 1060 1081
1058 124 1060 1082
1059 124 1060 1083
1060 124 1061 1062
1061 124 1061 1063
1062 113 1061 1064
1063 113 1064 1065
1064 143 1064 1069
1065 124 1064 1080
1066 124 1065 1066
1067 124 1065 1067
1068 124 1065 1068
1069 143 1069 1070
1070 124 1070 1071
1071 124 1070 1072
1072 113 1070 1073
1073 124 1073 1074
1074 124 1073 1075
1075 152 1073 1076
1076 705 1076 1077
1077 705 1076 1078
1078 687 1076 1079
1079 458 1079 1267
1080 124 1081 1084
1081 124 1081 1085
1082 113 1081 1086
1083 113 1086 1087
1084 124 1086 1088
1085 124 1086 1089
1086 124 1087 1090
1087 124 1087 1091
1088 113 1087 1092
1089 113 1092 1093
1090 124 1092 1094
1091 124 1092 1095
1092 124 1093 1096
1093 124 1093 1097
1094 113 1093 1098
1095 113 1098 1099
1096 124 1098 1100
1097 124 1098 1101
1098 124 1099 1102
1099 124 1099 1103
1100 113 1099 1104
1101 113 1104 1105
1102 124 1104 1106
1103 124 1104 1107
1104 124 1105 1108
1105 124 1105 1109
1106 113 1105 1110
1107 113 1110 1111
1108 124 1110 1112
1109 124 1110 1113
1110 124 1111 1114
1111 124 1111 1115
1112 113 1111 1116
1113 113 1116 1117
1114 143 1116 1118
1115 124 1116 1119
1116 124 1117 1120
1117 124 1117 1121
1118 113 1117 1122
1119 143 1118 1123
1120 113 1122 1143
1121 124 1122 1144
1122 124 1122 1145
1123 124 1123 1124
1124 124 1123 1125
1125 113 1123 1126
1126 113 1126 1127
1127 143 1126 1131
1128 124 1126 1142
1129 124 1127 1128
1130 124 1127 1129
1131 124 1127 1130
1132 143 1131 1132
1133 124 1132 1133
1134 124 1132 1134
1135 113 1132 1135
1136 124 1135 1136
1137 124 1135 1137
1138 152 1135 1138
1139 705 1138 1139
1140 705 1138 1140
1141 687 1138 1141
1142 458 1141 1268
1143 124 1143 1146
1144 124 1143 1147
1145 113 1143 1148
1146 113 1148 1149
1147 124 1148 1150
1148 124 1148 1151
1149 124 1149 1152
1150 124 1149 1153
1151 113 1149 1154
1152 113 1154 1155
1153 124 1154 1156
1154 124 1154 1157
1155 124 1155 1158
1156 124 1155 1159
1157 113 1155 1160
1158 113 1160 1161
1159 124 1160 1162
1160 124 1160 1163
1161 124 1161 1164
1162 124 1161 1165
1163 113 1161 1166
1164 113 1166 1167
1165 124 1166 1168
1166 124 1166 1169
1167 124 1167 1170
1168 124 1167 1171
1169 113 1167 1172
1170 113 1172 1173
1171 124 1172 1174
1172 124 1172 1175
1173 124 1173 1176
1174 124 1173 1177
1175 113 1173 1178
1176 113 1178 1179
1177 143 1178 1180
1178 124 1178 1181
1179 124 1179 1182
1180 124 1179 1183
1181 113 1179 1184
1182 143 1180 1185
1183 113 1184 1205
1184 124 1184 1206
1185 124 1184 1207
1186 124 1185 1186
1187 124 1185 1187
1188 113 1185 1188
1189 113 1188 1189
1190 143 1188 1193
1191 124 1188 1204
1192 124 1189 1190
1193 124 1189 1191
1194 124 1189 1192
1195 143 1193 1194
1196 124 1194 1195
1197 124 1194 1196
1198 113 1194 1197
1199 124 1197 1198
1200 124 1197 1199
1201 152 1197 1200
1202 705 1200 1201
1203 705 1200 1202
1204 687 1200 1203
1205 458 1203 1269
1206 124 1205 1208
1207 124 1205 1209
1208 113 1205 1210
1209 113 1210 1211
1210 124 1210 1212
1211 124 1210 1213
1212 124 1211 1214
1213 124 1211 1215
1214 113 1211 1216
1215 113 1216 1217
1216 124 1216 1218
1217 124 1216 1219
1218 124 1217 1220
1219 124 1217 1221
1220 113 1217 1222
1221 113 1222 1223
1222 124 1222 1224
1223 124 1222 1225
1224 124 1223 1226
1225 124 1223 1227
1226 113 1223 1228
1227 113 1228 1229
1228 124 1228 1230
1229 124 1228 1231
1230 124 1229 1232
1231 124 1229 1233
1232 113 1229 1234
1233 113 1234 1235
1234 124 1234 1236
1235 124 1234 1237
1236 124 1235 1238
1237 124 1235 1239
1238 113 1235 1240
1239 113 1240 1241
1240 143 1240 1242
1241 124 1240 1243
1242 124 1241 1244
1243 124 1241 1245
1244 124 1241 1246
1245 143 1242 1247
1246 124 1247 1248
1247 124 1247 1249
1248 113 1247 1250
1249 113 1250 1251
1250 143 1250 1255
1251 124 1250 1266
1252 124 1251 1252
1253 124 1251 1253
1254 124 1251 1254
1255 143 1255 1256
1256 124 1256 1257
1257 124 1256 1258
1258 113 1256 1259
1259 124 1259 1260
1260 124 1259 1261
1261 152 1259 1262
1262 705 1262 1263
1263 705 1262 1264
1264 687 1262 1265
1265 458 1265 1270
1266 113 1271 1272
1267 124 1271 1273
1268 124 1271 1274
1269 124 1271 1275
1270 124 1272 1276
1271 124 1272 1277
1272 113 1272 1278
1273 113 1278 1279
1274 124 1278 1280
1275 124 1278 1281
1276 124 1279 1282
1277 124 1279 1283
1278 113 1279 1284
1279 113 1284 1285
1280 124 1284 1286
1281 124 1284 1287
1282 124 1285 1288
1283 124 1285 1289
1284 113 1285 1290
1285 113 1290 1291
1286 124 1290 1292
1287 124 1290 1293
1288 124 1291 1294
1289 124 1291 1295
1290 113 1291 1296
1291 113 1296 1297
1292 124 1296 1298
1293 124 1296 1299
1294 124 1297 1300
1295 124 1297 1301
1296 113 1297 1302
1297 113 1302 1303
1298 124 1302 1304
1299 124 1302 1305
1300 124 1303 1306
1301 124 1303 1307
1302 113 1303 1308
1303 113 1308 1309
1304 143 1308 1310
1305 124 1308 1311
1306 124 1309 1312
1307 124 1309 1313
1308 113 1309 1314
1309 143 1310 1315
1310 113 1314 1335
1311 124 1314 1336
1312 124 1314 1337
1313 124 1315 1316
1314 124 1315 1317
1315 113 1315 1318
1316 113 1318 1319
1317 143 1318 1323
1318 124 1318 1334
1319 124 1319 1320
1320 124 1319 1321
1321 124 1319 1322
1322 143 1323 1324
1323 124 1324 1325
1324 124 1324 1326
1325 113 1324 1327
1326 124 1327 1328
1327 124 1327 1329
1328 152 1327 1330
1329 705 1330 1331
1330 705 1330 1332
1331 687 1330 1333
1332 458 1333 1521
1333 124 1335 1338
1334 124 1335 1339
1335 113 1335 1340
1336 113 1340 1341
1337 124 1340 1342
1338 124 1340 1343
1339 124 1341 1344
1340 124 1341 1345
1341 113 1341 1346
1342 113 1346 1347
1343 124 1346 1348
1344 124 1346 1349
1345 124 1347 1350
1346 124 1347 1351
1347 113 1347 1352
1348 113 1352 1353
1349 124 1352 1354
1350 124 1352 1355
1351 124 1353 1356
1352 124 1353 1357
1353 113 1353 1358
1354 113 1358 1359
1355 124 1358 1360
1356 124 1358 1361
1357 124 1359 1362
1358 124 1359 1363
1359 113 1359 1364
1360 113 1364 1365
1361 124 1364 1366
1362 124 1364 1367
1363 124 1365 1368
1364 124 1365 1369
1365 113 1365 1370
1366 113 1370 1371
1367 143 1370 1372
1368 124 1370 1373
1369 124 1371 1374
1370 124 1371 1375
1371 113 1371 1376
1372 143 1372 1377
1373 113 1376 1397
1374 124 1376 1398
1375 124 1376 1399
1376 124 1377 1378
1377 124 1377 1379
1378 113 1377 1380
1379 113 1380 1381
1380 143 1380 1385
1381 124 1380 1396
1382 124 1381 1382
1383 124 1381 1383
1384 124 1381 1384
1385 143 1385 1386
1386 124 1386 1387
1387 124 1386 1388
1388 113 1386 1389
1389 124 1389 1390
1390 124 1389 1391
1391 152 1389 1392
1392 705 1392 1393
1393 705 1392 1394
1394 687 1392 1395
1395 458 1395 1522
1396 124 1397 1400
1397 124 1397 1401
1398 113 1397 1402
1399 113 1402 1403
1400 124 1402 1404
1401 124 1402 1405
1402 124 1403 1406
1403 124 1403 1407
1404 113 1403 1408
1405 113 1408 1409
1406 124 1408 1410
1407 124 1408 1411
1408 124 1409 1412
1409 124 1409 1413
1410 113 1409 1414
1411 113 1414 1415
1412 124 1414 1416
1413 124 1414 1417
1414 124 1415 1418
1415 124 1415 1419
1416 113 1415 1420
1417 113 1420 1421
1418 124 1420 1422
1419 124 1420 1423
1420 124 1421 1424
1421 124 1421 1425
1422 113 1421 1426
1423 113 1426 1427
1424 124 1426 1428
1425 124 1426 1429
1426 124 1427 1430
1427 124 1427 1431
1428 113 1427 1432
1429 113 1432 1433
1430 143 1432 1434
1431 124 1432 1435
1432 124 1433 1436
1433 124 1433 1437
1434 113 1433 1438
1435 143 1434 1439
1436 113 1438 1459
1437 124 1438 1460
1438 124 1438 1461
1439 124 1439 1440
1440 124 1439 1441
1441 113 1439 1442
1442 113 1442 1443
1443 143 1442 1447
1444 124 1442 1458
1445 124 1443 1444
1446 124 1443 1445
1447 124 1443 1446
1448 143 1447 1448
1449 124 1448 1449
1450 124 1448 1450
1451 113 1448 1451
1452 124 1451 1452
1453 124 1451 1453
1454 152 1451 1454
1455 705 1454 1455
1456 705 1454 1456
1457 687 1454 1457
1458 458 1457 1523
1459 124 1459 1462
1460 124 1459 1463
1461 113 1459 1464
1462 113 1464 1465
1463 124 1464 1466
1464 124 1464 1467
1465 124 1465 1468
1466 124 1465 1469
1467 113 1465 1470
1468 113 1470 1471
1469 124 1470 1472
1470 124 1470 1473
1471 124 1471 1474
1472 124 1471 1475
1473 113 1471 1476
1474 113 1476 1477
1475 124 1476 1478
1476 124 1476 1479
1477 124 1477 1480
1478 124 1477 1481
1479 113 1477 1482
1480 113 1482 1483
1481 124 1482 1484
1482 124 1482 1485
1483 124 1483 1486
1484 124 1483 1487
1485 113 1483 1488
1486 113 1488 1489
1487 124 1488 1490
1488 124 1488 1491
1489 124 1489 1492
1490 124 1489 1493
1491 113 1489 1494
1492 113 1494 1495
1493 143 1494 1496
1494 124 1494 1497
1495 124 1495 1498
1496 124 1495 1499
1497 124 1495 1500
1498 143 1496 1501
1499 124 1501 1502
1500 124 1501 1503
1501 113 1501 1504
1502 113 1504 1505
1503 143 1504 1509
1504 124 1504 1520
1505 124 1505 1506
1506 124 1505 1507
1507 124 1505 1508
1508 143 1509 1510
1509 124 1510 1511
1510 124 1510 1512
1511 113 1510 1513
1512 124 1513 1514
1513 124 1513 1515
1514 152 1513 1516
1515 705 1516 1517
1516 705 1516 1518
1517 687 1516 1519
1518 458 1519 1524
1519 929 1525 1526
1520 929 1525 1527
1521 929 1528 1529
1522 929 1528 1530
1523 929 1531 1532
1524 929 1531 1533
1525 929 1534 1535
1526 929 1534 1536
1527 929 1537 1538
1528 929 1537 1539
1529 929 1540 1541
1530 929 1540 1542
1531 929 1543 1544
1532 929 1543 1545
1533 929 1546 1547
1534 929 1546 1548
1535 929 1549 1550
1536 929 1549 1551
1537 929 1552 1553
1538 929 1552 1554
1539 929 1555 1556
1540 929 1555 1557
1541 929 1558 1559
1542 929 1558 1560
1543 929 1561 1562
1544 929 1561 1563
1545 929 1564 1565
1546 929 1564 1566
1547 929 1567 1568
1548 929 1567 1569
1549 929 1570 1571
1550 929 1570 1572
1551 929 1573 1574
1552 929 1573 1575
1553 929 1576 1577
1554 929 1576 1578
1555 929 1579 1580
1556 929 1579 1581
1557 929 1582 1583
1558 929 1582 1584
1559 929 1585 1586
1560 929 1585 1587
1561 929 1588 1589
1562 929 1588 1590
1563 929 1591 1592
1564 929 1591 1593
1565 929 1594 1595
1566 929 1594 1596
1567 929 1597 1598
1568 929 1597 1599
1569 929 1600 1601
1570 929 1600 1602
1571 929 1603 1604
1572 929 1603 1605
1573 929 1606 1607
1574 929 1606 1608
1575 929 1609 1610
1576 929 1609 1611
1577 929 1612 1613
1578 929 1612 1614
1579 929 1615 1616
1580 929 1615 1617
1581 929 1618 1619
1582 929 1618 1620
1583 929 1621 1622
1584 929 1621 1623
1585 929 1624 1625
1586 929 1624 1626
1587 929 1627 1628
1588 929 1627 1629
1589 929 1630 1631
1590 929 1630 1632
1591 929 1633 1634
1592 929 1633 1635
1593 929 1636 1637
1594 929 1636 1638
1595 929 1639 1640
1596 929 1639 1641
1597 929 1642 1643
1598 929 1642 1644
1599 929 1645 1646
1600 929 1645 1647
1601 929 1648 1649
1602 929 1648 1650
1603 929 1651 1652
1604 929 1651 1653
1605 929 1654 1655
1606 929 1654 1656
1607 929 1657 1658
1608 929 1657 1659
1609 929 1660 1661
1610 929 1660 1662
1611 929 1663 1664
1612 929 1663 1665
1613 929 1666 1667
1614 929 1666 1668
1615 929 1669 1670
1616 929 1669 1671
1617 929 1672 1673
1618 929 1672 1674
1619 929 1675 1676
1620 929 1675 1677
1621 929 1678 1679
1622 929 1678 1680
1623 929 1681 1682
1624 929 1681 1683
1625 929 1684 1685
1626 929 1684 1686
1627 929 1687 1688
1628 929 1687 1689
1629 929 1690 1691
1630 929 1690 1692
1631 929 1693 1694
1632 929 1693 1695
1633 929 1696 1697
1634 929 1696 1698
1635 929 1699 1700
1636 929 1699 1701
1637 929 1702 1703
1638 929 1702 1704
1639 929 1705 1706
1640 929 1705 1707
1641 929 1708 1709
1642 929 1708 1710
1643 929 1711 1712
1644 929 1711 1713
1645 929 1714 1715
1646 929 1714 1716
1647 929 1717 1718
1648 929 1717 1719
1649 929 1720 1721
1650 929 1720 1722
1651 929 1723 1724
1652 929 1723 1725
1653 929 1726 1727
1654 929 1726 1728
1655 929 1729 1730
1656 929 1729 1731
1657 929 1732 1733
1658 929 1732 1734
1659 929 1735 1736
1660 929 1735 1737
1661 929 1738 1739
1662 929 1738 1740
1663 929 1741 1742
1664 929 1741 1743
1665 929 1744 1745
1666 929 1744 1746
1667 929 1747 1748
1668 929 1747 1749
1669 929 1750 1751
1670 929 1750 1752
1671 929 1753 1754
1672 929 1753 1755
1673 929 1756 1757
1674 929 1756 1758
1675 929 1759 1760
1676 929 1759 1761
1677 929 1762 1763
1678 929 1762 1764
1679 929 1765 1766
1680 929 1765 1767
1681 929 1768 1769
1682 929 1768 1770
1683 929 1771 1772
1684 929 1771 1773
1685 929 1774 1775
1686 929 1774 1776
1687 929 1777 1778
1688 929 1777 1779
1689 929 1780 1781
1690 929 1780 1782
1691 929 1783 1784
1692 929 1783 1785
1693 929 1786 1787
1694 929 1786 1788
1695 929 1789 1790
1696 929 1789 1791
1697 929 1792 1793
1698 929 1792 1794
1699 929 1795 1796
1700 929 1795 1797
1701 929 1798 1799
1702 929 1798 1800
1703 929 1801 1802
1704 929 1801 1803
1705 929 1804 1805
1706 929 1804 1806
1707 929 1807 1808
1708 929 1807 1809
1709 929 1810 1811
1710 929 1810 1812
1711 929 1813 1814
1712 929 1813 1815
1713 929 1816 1817
1714 929 1816 1818
1715 929 1819 1820
1716 929 1819 1821
1717 929 1822 1823
1718 929 1822 1824
1719 929 1825 1826
1720 929 1825 1827
1721 929 1828 1829
1722 929 1828 1830
1723 929 1831 1832
1724 929 1831 1833
1725 929 1834 1835
1726 929 1834 1836
1727 929 1837 1838
1728 929 1837 1839
1729 929 1840 1841
1730 929 1840 1842
1731 929 1843 1844
1732 929 1843 1845
1733 929 1846 1847
1734 929 1846 1848
1735 929 1849 1850
1736 929 1849 1851
1737 929 1852 1853
1738 929 1852 1854
1739 929 1855 1856
1740 929 1855 1857
1741 929 1858 1859
1742 929 1858 1860
1743 929 1861 1862
1744 929 1861 1863
1745 929 1864 1865
1746 929 1864 1866
1747 929 1867 1868
1748 929 1867 1869
1749 929 1870 1871
1750 929 1870 1872
1751 929 1873 1874
1752 929 1873 1875
1753 929 1876 1877
1754 929 1876 1878
1755 929 1879 1880
1756 929 1879 1881
1757 929 1882 1883
1758 929 1882 1884
1759 929 1885 1886
1760 929 1885 1887
1761 929 1888 1889
1762 929 1888 1890
1763 929 1891 1892
1764 929 1891 1893
1765 929 1894 1895
1766 929 1894 1896
1767 929 1897 1898
1768 929 1897 1899
1769 929 1900 1901
1770 929 1900 1902
1771 929 1903 1904
1772 929 1903 1905
1773 929 1906 1907
1774 929 1906 1908
1775 929 1909 1910
1776 929 1909 1911
1777 929 1912 1913
1778 929 1912 1914
1779 929 1915 1916
1780 929 1915 1917
1781 929 1918 1919
1782 929 1918 1920
1783 929 1921 1922
1784 929 1921 1923
1785 929 1924 1925
1786 929 1924 1926
1787 929 1927 1928
1788 929 1927 1929
1789 929 1930 1931
1790 929 1930 1932
1791 929 1933 1934
1792 929 1933 1935
1793 929 1936 1937
1794 929 1936 1938
1795 929 1939 1940
1796 929 1939 1941
1797 929 1942 1943
1798 929 1942 1944
1799 929 1945 1946
1800 929 1945 1947
1801 929 1948 1949
1802 929 1948 1950
1803 929 1951 1952
1804 929 1951 1953
1805 929 1954 1955
1806 929 1954 1956
1807 929 1957 1958
1808 929 1957 1959
1809 929 1960 1961
1810 929 1960 1962
1811 929 1963 1964
1812 929 1963 1965
1813 929 1966 1967
1814 929 1966 1968
1815 929 1969 1970
1816 929 1969 1971
1817 929 1972 1973
1818 929 1972 1974
1819 929 1975 1976
1820 929 1975 1977
1821 929 1978 1979
1822 929 1978 1980
1823 929 1981 1982
1824 929 1981 1983
1825 929 1984 1985
1826 929 1984 1986
1827 929 1987 1988
1828 929 1987 1989
1829 929 1990 1991
1830 929 1990 1992
1831 929 1993 1994
1832 929 1993 1995
1833 929 1996 1997
1834 929 1996 1998
1835 929 1999 2000
1836 929 1999 2001
1837 929 2002 2003
1838 929 2002 2004
1839 929 2005 2006
1840 929 2005 2007
1841 929 2008 2009
1842 929 2008 2010
1843 929 2011 2012
1844 929 2011 2013
1845 929 2014 2015
1846 929 2014 2016
1847 929 2017 2018
1848 929 2017 2019
1849 929 2020 2021
1850 929 2020 2022
1851 929 2023 2024
1852 929 2023 2025
1853 929 2026 2027
1854 929 2026 2028
1855 929 2029 2030
1856 929 2029 2031
1857 929 2032 2033
1858 929 2032 2034
1859 929 2035 2036
1860 929 2035 2037
1861 929 2038 2039
1862 929 2038 2040
1863 929 2041 2042
1864 929 2041 2043
1865 929 2044 2045
1866 929 2044 2046
1867 929 2047 2048
1868 929 2047 2049
1869 929 2050 2051
1870 929 2050 2052
1871 929 2053 2054
1872 929 2053 2055
1873 929 2056 2057
1874 929 2056 2058
1875 929 2059 2060
1876 929 2059 2061
1877 929 2062 2063
1878 929 2062 2064
1879 929 2065 2066
1880 929 2065 2067
1881 929 2068 2069
1882 929 2068 2070
1883 929 2071 2072
1884 929 2071 2073
1885 929 2074 2075
1886 929 2074 2076
1887 929 2077 2078
1888 929 2077 2079
1889 929 2080 2081
1890 929 2080 2082
1891 929 2083 2084
1892 929 2083 2085
1893 929 2086 2087
1894 929 2086 2088
1895 929 2089 2090
1896 929 2089 2091
1897 929 2092 2093
1898 929 2092 2094
1899 929 2095 2096
1900 929 2095 2097
1901 929 2098 2099
1902 929 2098 2100
1903 929 2101 2102
1904 929 2101 2103
1905 929 2104 2105
1906 929 2104 2106
1907 929 2107 2108
1908 929 2107 2109
1909 929 2110 2111
1910 929 2110 2112
1911 929 2113 2114
1912 929 2113 2115
1913 929 2116 2117
1914 929 2116 2118
1915 929 2119 2120
1916 929 2119 2121
1917 929 2122 2123
1918 929 2122 2124
1919 929 2125 2126
1920 929 2125 2127
1921 929 2128 2129
1922 929 2128 2130
1923 929 2131 2132
1924 929 2131 2133
1925 929 2134 2135
1926 929 2134 2136
1927 929 2137 2138
1928 929 2137 2139
1929 929 2140 2141
1930 929 2140 2142
1931 929 2143 2144
1932 929 2143 2145
1933 929 2146 2147
1934 929 2146 2148
1935 929 2149 2150
1936 929 2149 2151
1937 929 2152 2153
1938 929 2152 2154
1939 929 2155 2156
1940 929 2155 2157
1941 929 2158 2159
1942 929 2158 2160
1943 929 2161 2162
1944 929 2161 2163
1945 929 2164 2165
1946 929 2164 2166
1947 929 2167 2168
1948 929 2167 2169
1949 929 2170 2171
1950 929 2170 2172
1951 929 2173 2174
1952 929 2173 2175
1953 929 2176 2177
1954 929 2176 2178
1955 929 2179 2180
1956 929 2179 2181
1957 929 2182 2183
1958 929 2182 2184
1959 929 2185 2186
1960 929 2185 2187
1961 929 2188 2189
1962 929 2188 2190
1963 929 2191 2192
1964 929 2191 2193
1965 929 2194 2195
1966 929 2194 2196
1967 929 2197 2198
1968 929 2197 2199
1969 929 2200 2201
1970 929 2200 2202
1971 929 2203 2204
1972 929 2203 2205
1973 929 2206 2207
1974 929 2206 2208
1975 929 2209 2210
1976 929 2209 2211
1977 929 2212 2213
1978 929 2212 2214
1979 929 2215 2216
1980 929 2215 2217
1981 929 2218 2219
1982 929 2218 2220
1983 929 2221 2222
1984 929 2221 2223
1985 929 2224 2225
1986 929 2224 2226
1987 929 2227 2228
1988 929 2227 2229
1989 929 2230 2231
1990 929 2230 2232
1991 929 2233 2234
1992 929 2233 2235
1993 929 2236 2237
1994 929 2236 2238
1995 929 2239 2240
1996 929 2239 2241
1997 929 2242 2243
1998 929 2242 2244
1999 929 2245 2246
2000 929 2245 2247
2001 929 2248 2249
2002 929 2248 2250
2003 929 2251 2252
2004 929 2251 2253
2005 929 2254 2255
2006 929 2254 2256
2007 929 2257 2258
2008 929 2257 2259
2009 929 2260 2261
2010 929 2260 2262
2011 929 2263 2264
2012 929 2263 2265
2013 929 2266 2267
2014 929 2266 2268
2015 929 2269 2270
2016 929 2269 2271
2017 929 2272 2273
2018 929 2272 2274
2019 929 2275 2276
2020 929 2275 2277
2021 929 2278 2279
2022 929 2278 2280
2023 929 2281 2282
2024 929 2281 2283
2025 929 2284 2285
2026 929 2284 2286
2027 929 2287 2288
2028 929 2287 2289
2029 929 2290 2291
2030 929 2290 2292
2031 929 2293 2294
2032 929 2293 2295
2033 929 2296 2297
2034 929 2296 2298
2035 929 2299 2300
2036 929 2299 2301
2037 929 2302 2303
2038 929 2302 2304
2039 929 2305 2306
2040 929 2305 2307
2041 929 2308 2309
2042 929 2308 2310
2043 929 2311 2312
2044 929 2311 2313
2045 929 2314 2315
2046 929 2314 2316
2047 929 2317 2318
2048 929 2317 2319
2049 929 2320 2321
2050 929 2320 2322
2051 929 2323 2324
2052 929 2323 2325
2053 929 2326 2327
2054 929 2326 2328
2055 929 2329 2330
2056 929 2329 2331
2057 929 2332 2333
2058 929 2332 2334
2059 929 2335 2336
2060 929 2335 2337
2061 929 2338 2339
2062 929 2338 2340
2063 929 2341 2342
2064 929 2341 2343
2065 929 2344 2345
2066 929 2344 2346
2067 929 2347 2348
2068 929 2347 2349
2069 929 2350 2351
2070 929 2350 2352
2071 929 2353 2354
2072 929 2353 2355
2073 929 2356 2357
2074 929 2356 2358
2075 929 2359 2360
2076 929 2359 2361
2077 929 2362 2363
2078 929 2362 2364
2079 929 2365 2366
2080 929 2365 2367
2081 929 2368 2369
2082 929 2368 2370
2083 929 2371 2372
2084 929 2371 2373
2085 929 2374 2375
2086 929 2374 2376
2087 929 2377 2378
2088 929 2377 2379
2089 929 2380 2381
2090 929 2380 2382
2091 929 2383 2384
2092 929 2383 2385
2093 929 2386 2387
2094 929 2386 2388
2095 929 2389 2390
2096 929 2389 2391
2097 929 2392 2393
2098 929 2392 2394
2099 929 2395 2396
2100 929 2395 2397
2101 929 2398 2399
2102 929 2398 2400
2103 929 2401 2402
2104 929 2401 2403
2105 929 2404 2405
2106 929 2404 2406
2107 929 2407 2408
2108 929 2407 2409
2109 929 2410 2411
2110 929 2410 2412
2111 929 2413 2414
2112 929 2413 2415
2113 929 2416 2417
2114 929 2416 2418
2115 929 2419 2420
2116 929 2419 2421
2117 929 2422 2423
2118 929 2422 2424
2119 929 2425 2426
2120 929 2425 2427
2121 929 2428 2429
2122 929 2428 2430
2123 929 2431 2432
2124 929 2431 2433
2125 929 2434 2435
2126 929 2434 2436
2127 929 2437 2438
2128 929 2437 2439
2129 929 2440 2441
2130 929 2440 2442
2131 929 2443 2444
2132 929 2443 2445
2133 929 2446 2447
2134 929 2446 2448
2135 929 2449 2450
2136 929 2449 2451
2137 929 2452 2453
2138 929 2452 2454
2139 929 2455 2456
2140 929 2455 2457
2141 929 2458 2459
2142 929 2458 2460
2143 929 2461 2462
2144 929 2461 2463
2145 929 2464 2465
2146 929 2464 2466
2147 929 2467 2468
2148 929 2467 2469
2149 929 2470 2471
2150 929 2470 2472
2151 929 2473 2474
2152 929 2473 2475
2153 929 2476 2477
2154 929 2476 2478
2155 929 2479 2480
2156 929 2479 2481
2157 929 2482 2483
2158 929 2482 2484
2159 929 2485 2486
2160 929 2485 2487
2161 929 2488 2489
2162 929 2488 2490
2163 929 2491 2492
2164 929 2491 2493
2165 929 2494 2495
2166 929 2494 2496
2167 929 2497 2498
2168 929 2497 2499
2169 929 2500 2501
2170 929 2500 2502
2171 929 2503 2504
2172 929 2503 2505
2173 929 2506 2507
2174 929 2506 2508
2175 929 2509 2510
2176 929 2509 2511
2177 929 2512 2513
2178 929 2512 2514
2179 929 2515 2516
2180 929 2515 2517
2181 929 2518 2519
2182 929 2518 2520
2183 929 2521 2522
2184 929 2521 2523
2185 929 2524 2525
2186 929 2524 2526
2187 929 2527 2528
2188 929 2527 2529
2189 929 2530 2531
2190 929 2530 2532
