    1 62 30
    2 30 30
    3 34 34
    4 34 2
    5 34 3
    6 34 1
    7 34 4
    8 34 5
    9 34 8
    10 34 14
    11 34 35
    12 34 37
    13 34 38
    14 34 36
    15 34 39
    16 34 40
    17 34 41
    18 34 47
    19 34 48
    20 34 57
    21 34 58
    22 34 59
    23 34 63
    24 34 64
    25 34 65
    26 34 66
    27 34 74
    28 34 76
    29 34 77
    30 34 78
    31 34 79
    32 2 2
    33 2 3
    34 2 4
    35 2 5
    36 2 10
    37 2 12
    38 2 13
    39 2 33
    40 2 14
    41 2 32
    42 2 24
    43 2 25
    44 2 35
    45 2 37
    46 2 38
    47 2 39
    48 2 40
    49 2 36
    50 2 41
    51 2 45
    52 2 46
    53 2 47
    54 2 48
    55 2 57
    56 2 58
    57 2 59
    58 2 63
    59 2 64
    60 2 65
    61 2 66
    62 2 75
    63 2 74
    64 2 76
    65 2 77
    66 2 78
    67 2 79
    68 3 3
    69 3 4
    70 3 5
    71 3 8
    72 3 9
    73 3 10
    74 3 11
    75 3 33
    76 3 16
    77 3 14
    78 3 15
    79 3 32
    80 3 22
    81 3 23
    82 3 24
    83 3 25
    84 3 31
    85 3 35
    86 3 37
    87 3 38
    88 3 39
    89 3 36
    90 3 40
    91 3 41
    92 3 43
    93 3 44
    94 3 45
    95 3 46
    96 3 47
    97 3 48
    98 3 57
    99 3 58
    100 3 59
    101 3 63
    102 3 64
    103 3 65
    104 3 66
    105 3 70
    106 3 71
    107 3 75
    108 3 74
    109 3 76
    110 3 77
    111 3 78
    112 3 79
    113 4 4
    114 4 5
    115 4 8
    116 4 9
    117 4 10
    118 4 11
    119 4 33
    120 4 16
    121 4 17
    122 4 14
    123 4 15
    124 4 32
    125 4 19
    126 4 20
    127 4 21
    128 4 25
    129 4 31
    130 4 35
    131 4 37
    132 4 38
    133 4 36
    134 4 39
    135 4 40
    136 4 41
    137 4 43
    138 4 44
    139 4 47
    140 4 48
    141 4 57
    142 4 58
    143 4 59
    144 4 63
    145 4 64
    146 4 65
    147 4 66
    148 4 72
    149 4 73
    150 4 74
    151 4 76
    152 4 77
    153 4 78
    154 4 79
    155 4 82
    156 4 83
    157 5 5
    158 5 8
    159 5 9
    160 5 10
    161 5 11
    162 5 12
    163 5 13
    164 5 33
    165 5 6
    166 5 7
    167 5 14
    168 5 15
    169 5 32
    170 5 22
    171 5 23
    172 5 24
    173 5 35
    174 5 37
    175 5 38
    176 5 36
    177 5 40
    178 5 41
    179 5 42
    180 5 43
    181 5 44
    182 5 45
    183 5 46
    184 5 47
    185 5 48
    186 5 57
    187 5 58
    188 5 59
    189 5 63
    190 5 64
    191 5 65
    192 5 66
    193 5 70
    194 5 71
    195 5 72
    196 5 73
    197 5 74
    198 5 76
    199 5 77
    200 5 78
    201 5 79
    202 5 82
    203 5 83
    204 1 2
    205 1 3
    206 1 1
    207 1 4
    208 1 5
    209 1 8
    210 8 8
    211 8 9
    212 8 10
    213 8 11
    214 8 12
    215 8 13
    216 8 33
    217 8 14
    218 1 9
    219 1 10
    220 1 11
    221 8 32
    222 1 12
    223 1 13
    224 8 22
    225 8 23
    226 8 24
    227 1 33
    228 8 38
    229 8 36
    230 8 40
    231 8 41
    232 8 43
    233 8 44
    234 8 45
    235 8 46
    236 8 47
    237 8 48
    238 8 58
    239 8 59
    240 8 69
    241 8 78
    242 8 79
    243 8 82
    244 8 83
    245 1 16
    246 1 14
    247 1 15
    248 9 9
    249 9 10
    250 9 11
    251 9 12
    252 9 13
    253 9 33
    254 9 14
    255 9 15
    256 9 22
    257 9 23
    258 9 24
    259 9 38
    260 9 36
    261 9 41
    262 9 43
    263 9 44
    264 9 45
    265 9 47
    266 9 58
    267 9 59
    268 9 68
    269 9 79
    270 9 83
    271 10 10
    272 10 11
    273 10 12
    274 10 13
    275 10 33
    276 10 14
    277 10 15
    278 10 22
    279 10 24
    280 10 37
    281 10 38
    282 10 36
    283 10 41
    284 10 45
    285 10 46
    286 10 47
    287 10 58
    288 10 59
    289 10 63
    290 10 70
    291 10 72
    292 10 73
    293 10 74
    294 10 79
    295 10 82
    296 10 83
    297 1 32
    298 11 11
    299 11 12
    300 11 13
    301 11 22
    302 11 24
    303 11 37
    304 11 38
    305 11 36
    306 11 45
    307 11 46
    308 11 47
    309 11 58
    310 11 59
    311 11 63
    312 11 71
    313 11 72
    314 11 73
    315 11 74
    316 11 82
    317 11 83
    318 12 12
    319 12 13
    320 12 37
    321 12 45
    322 12 70
    323 1 22
    324 1 23
    325 1 24
    326 13 13
    327 13 37
    328 13 46
    329 13 71
    330 1 35
    331 33 33
    332 33 14
    333 33 15
    334 33 32
    335 33 35
    336 33 37
    337 33 38
    338 33 39
    339 33 36
    340 33 40
    341 33 41
    342 33 47
    343 33 48
    344 33 57
    345 33 58
    346 33 59
    347 33 63
    348 33 64
    349 33 65
    350 33 66
    351 33 67
    352 33 74
    353 33 75
    354 33 76
    355 33 77
    356 33 78
    357 33 79
    358 33 82
    359 33 83
    360 1 38
    361 1 40
    362 1 36
    363 1 43
    364 1 44
    365 1 45
    366 1 46
    367 1 48
    368 1 57
    369 1 58
    370 1 59
    371 1 63
    372 1 64
    373 1 65
    374 1 66
    375 6 6
    376 6 7
    377 1 70
    378 1 71
    379 6 41
    380 6 42
    381 1 72
    382 1 73
    383 7 7
    384 1 74
    385 1 76
    386 1 77
    387 1 78
    388 1 79
    389 1 82
    390 1 83
    391 16 16
    392 16 14
    393 16 24
    394 17 17
    395 17 15
    396 17 24
    397 17 14
    398 14 14
    399 14 15
    400 14 32
    401 14 19
    402 14 20
    403 14 25
    404 14 31
    405 14 38
    406 14 39
    407 14 36
    408 14 41
    409 14 47
    410 14 58
    411 14 59
    412 14 64
    413 14 76
    414 14 77
    415 14 79
    416 15 15
    417 15 32
    418 15 19
    419 15 20
    420 15 25
    421 15 36
    422 15 39
    423 15 58
    424 15 59
    425 15 77
    426 15 79
    427 18 47
    428 32 37
    429 32 38
    430 32 39
    431 32 36
    432 32 40
    433 32 41
    434 32 47
    435 32 48
    436 32 57
    437 32 58
    438 32 59
    439 32 63
    440 32 64
    441 32 65
    442 32 66
    443 32 75
    444 32 74
    445 32 76
    446 32 77
    447 32 78
    448 32 79
    449 26 37
    450 26 38
    451 26 39
    452 26 36
    453 26 40
    454 26 41
    455 26 47
    456 26 48
    457 27 57
    458 27 58
    459 28 63
    460 28 64
    461 28 65
    462 28 66
    463 29 74
    464 29 76
    465 29 77
    466 29 78
    467 35 35
    468 35 37
    469 35 38
    470 35 36
    471 35 39
    472 35 40
    473 35 41
    474 35 47
    475 35 48
    476 35 57
    477 35 58
    478 35 59
    479 35 63
    480 35 64
    481 35 65
    482 35 66
    483 35 74
    484 35 76
    485 35 77
    486 35 78
    487 35 79
    488 37 37
    489 37 38
    490 37 39
    491 37 40
    492 37 41
    493 37 43
    494 37 44
    495 37 45
    496 37 46
    497 37 47
    498 37 48
    499 37 57
    500 37 58
    501 37 59
    502 37 63
    503 37 64
    504 37 65
    505 37 66
    506 37 75
    507 37 74
    508 37 76
    509 37 77
    510 37 78
    511 37 79
    512 38 38
    513 38 39
    514 38 40
    515 38 41
    516 38 43
    517 38 44
    518 38 45
    519 38 46
    520 38 47
    521 38 48
    522 38 57
    523 38 58
    524 38 59
    525 38 63
    526 38 64
    527 38 65
    528 38 66
    529 38 70
    530 38 71
    531 38 75
    532 38 76
    533 38 74
    534 38 77
    535 38 78
    536 38 79
    537 39 39
    538 39 40
    539 39 41
    540 39 47
    541 39 48
    542 39 57
    543 39 58
    544 39 59
    545 39 63
    546 39 64
    547 39 65
    548 39 66
    549 39 73
    550 39 74
    551 39 76
    552 39 77
    553 39 78
    554 39 79
    555 39 83
    556 40 40
    557 40 41
    558 40 47
    559 40 48
    560 40 57
    561 40 58
    562 40 59
    563 40 63
    564 40 64
    565 40 65
    566 40 66
    567 40 73
    568 40 74
    569 40 76
    570 40 77
    571 40 78
    572 40 79
    573 41 41
    574 41 42
    575 41 43
    576 41 44
    577 41 47
    578 41 48
    579 41 57
    580 41 58
    581 41 59
    582 41 63
    583 41 64
    584 41 65
    585 41 66
    586 41 68
    587 41 69
    588 41 73
    589 41 74
    590 41 76
    591 41 77
    592 41 78
    593 41 79
    594 41 83
    595 42 42
    596 42 67
    597 43 43
    598 43 44
    599 43 59
    600 43 79
    601 43 83
    602 44 44
    603 44 59
    604 44 79
    605 44 83
    606 45 45
    607 45 46
    608 45 57
    609 45 63
    610 45 70
    611 45 72
    612 45 73
    613 45 74
    614 45 82
    615 45 83
    616 46 46
    617 46 57
    618 46 63
    619 46 71
    620 46 72
    621 46 73
    622 46 74
    623 46 82
    624 46 83
    625 47 47
    626 47 48
    627 47 57
    628 47 58
    629 47 59
    630 47 63
    631 47 64
    632 47 65
    633 47 66
    634 47 74
    635 47 76
    636 47 77
    637 47 78
    638 47 79
    639 47 83
    640 36 37
    641 36 38
    642 36 39
    643 36 40
    644 36 36
    645 36 41
    646 36 43
    647 36 44
    648 36 47
    649 36 48
    650 36 57
    651 36 58
    652 48 48
    653 48 57
    654 48 58
    655 48 59
    656 48 63
    657 48 64
    658 48 65
    659 48 66
    660 48 74
    661 36 59
    662 48 76
    663 48 77
    664 48 78
    665 48 79
    666 36 63
    667 36 64
    668 36 65
    669 36 66
    670 36 68
    671 36 69
    672 36 74
    673 36 76
    674 36 77
    675 36 78
    676 36 79
    677 36 83
    678 58 58
    679 58 59
    680 58 63
    681 58 64
    682 58 65
    683 58 66
    684 58 73
    685 58 74
    686 58 76
    687 58 77
    688 58 78
    689 58 79
    690 58 83
    691 57 57
    692 57 58
    693 57 59
    694 57 63
    695 57 64
    696 57 65
    697 57 66
    698 57 70
    699 57 71
    700 57 72
    701 57 73
    702 57 74
    703 57 75
    704 57 76
    705 57 77
    706 57 78
    707 59 59
    708 59 63
    709 59 64
    710 59 65
    711 59 66
    712 59 73
    713 59 74
    714 57 79
    715 59 76
    716 59 77
    717 59 78
    718 59 79
    719 59 83
    720 57 82
    721 57 83
    722 63 63
    723 63 64
    724 63 65
    725 63 66
    726 63 70
    727 63 71
    728 63 74
    729 63 76
    730 63 77
    731 63 78
    732 63 79
    733 64 64
    734 64 65
    735 64 66
    736 64 74
    737 64 76
    738 64 77
    739 64 78
    740 64 79
    741 65 65
    742 65 66
    743 65 74
    744 65 76
    745 65 77
    746 65 78
    747 65 79
    748 66 66
    749 66 74
    750 66 76
    751 66 77
    752 66 78
    753 66 79
    754 70 70
    755 70 71
    756 70 72
    757 70 73
    758 70 74
    759 70 82
    760 70 83
    761 71 71
    762 71 72
    763 71 73
    764 71 74
    765 71 82
    766 71 83
    767 72 73
    768 72 82
    769 72 83
    770 73 73
    771 73 82
    772 73 83
    773 76 76
    774 76 77
    775 76 78
    776 76 79
    777 77 77
    778 77 78
    779 77 79
    780 78 78
    781 78 79
    782 74 74
    783 74 75
    784 74 76
    785 74 77
    786 74 78
    787 74 79
    788 79 79
    789 82 82
    790 82 83
    791 83 83
    792 34 9
    793 2 11
    794 9 32
    795 9 40
    796 9 46
    797 9 48
    798 9 78
    799 9 82
    800 8 15
    801 11 33
    802 11 14
    803 11 15
    804 11 41
    805 11 79
    806 7 41
    807 7 42
    808 33 73
    809 32 73
    810 73 74
    811 15 47
    812 15 31
    813 34 10
    814 8 35
    815 15 40
    816 15 64
    817 15 41
    818 14 40
    819 45 76
    820 17 79
    821 15 48
    822 10 17
    823 9 35
    824 15 76
    825 38 83
    826 8 77
    827 35 75
    828 34 15
    829 34 11
    830 46 76
    831 11 17
    832 9 77
    833 14 60
    834 1 50
    835 15 50
    836 10 50
    837 14 55
    838 14 53
    839 4 50
    840 55 66
    841 15 56
    842 15 61
    843 8 53
    844 4 55
    845 4 56
    846 5 53
    847 15 81
    848 1 61
    849 66 81
    850 11 50
    851 15 54
    852 50 77
    853 9 53
    854 26 55
    855 26 56
    856 14 51
    857 4 51
    858 15 52
    859 5 54
    860 14 49
    861 17 81
    862 55 73
    863 14 50
    864 56 66
    865 26 50
    866 3 53
    867 5 50
    868 1 49
    869 15 38
    870 60 66
    871 14 80
    872 26 52
    873 54 66
    874 50 66
    875 8 81
    876 3 17
    877 2 15
    878 15 35
    879 61 66
    880 15 73
    881 50 59
    882 60 60
    883 15 66
    884 15 82
    885 14 35
    886 14 48
    887 10 16
    888 55 83
    889 33 50
    890 55 77
    891 55 60
    892 33 55
    893 14 66
    894 33 17
    895 17 47
    896 56 76
    897 4 52
    898 55 64
    899 16 32
    900 1 81
    901 16 59
    902 15 78
    903 17 61
    904 16 17
    905 2 50
    906 16 45
    907 16 60
    908 77 80
    909 80 80
    910 17 45
    911 60 77
    912 60 80
    913 2 17
    914 38 50
    915 56 56
    916 17 64
    917 17 66
    918 55 59
    919 50 56
    920 48 56
    921 15 83
    922 10 53
    923 17 59
    924 15 37
    925 1 60
    926 17 38
    927 14 61
    928 14 37
