  30.449   46.670   86.525
  30.173   47.178   85.144
  31.759   46.642   86.742
  29.954   45.444   86.653
  29.884   47.470   87.422
  30.678   48.402   85.025
  30.750   46.373   84.259
  28.699   47.224   84.889
  28.389   48.020   83.649
  28.236   45.985   84.750
  28.108   47.800   85.928
  29.440   48.777   83.355
  27.338   48.796   83.893
  28.068   47.138   82.471
  27.864   47.972   81.227
  26.956   46.459   82.733
  29.071   46.288   82.269
  29.053   48.215   80.691
  27.293   49.121   81.573
  26.985   47.277   80.208
  27.162   47.871   78.823
  27.306   45.988   80.165
  25.715   47.406   80.580
  27.200   49.194   78.936
  28.320   47.438   78.335
  26.039   47.487   77.870
  26.336   47.923   76.446
  25.882   46.167   77.898
  24.916   48.073   78.272
  26.532   49.236   76.451
  27.449   47.315   76.046
  25.213   47.593   75.464
  25.482   48.168   74.079
  25.094   46.273   75.367
  24.073   48.108   75.915
  25.187   49.462   74.103
  26.775   48.016   73.815
  24.685   47.489   72.956
  23.893   48.469   72.065
  23.828   46.548   73.516
  25.556   46.849   72.185
  24.387   49.688   72.248
  22.619   48.451   72.448
  23.967   48.148   70.556
  24.256   45.288   73.116
  25.522   45.127   73.480
  24.164   45.203   71.796
  23.434   44.192   73.724
  23.936   43.878   75.102
  25.202   43.477   75.041
  23.851   44.966   75.861
  23.200   42.907   75.632
  23.526   43.096   72.863
  23.548   41.812   73.408
  24.329   41.808   74.484
  24.034   40.972   72.500
  22.176   41.359   73.789
  21.319   41.707   72.836
  21.825   41.938   74.934
  22.163   39.602   73.997
  22.491   38.988   72.774
  23.114   39.249   74.967
  20.699   39.092   74.475
  22.167   44.583   73.805
  23.011   48.986   69.667
  23.690   46.859   70.386
  25.215   48.384   70.162
  23.267   50.268   69.889
  21.760   48.721   70.031
  23.161   48.716   68.150
  22.201   49.533   67.244
  22.959   47.423   67.932
  24.408   49.031   67.811
  22.519   50.813   67.367
  20.954   49.353   67.675
  22.263   49.155   65.738
  21.424   50.061   64.793
  21.843   47.904   65.601
  23.532   49.240   65.353
  21.962   51.275   64.815
  20.181   50.131   65.265
  21.359   49.591   63.308
  20.547   50.516   62.351
  22.603   49.494   62.846
  20.791   48.390   63.283
  19.272   50.445   62.710
  20.980   51.761   62.520
  20.639   50.180   60.825
  19.286   50.220   60.052
  21.158   48.961   60.697
  21.461   51.063   60.266
  18.394   50.697   60.911
  18.951   48.972   59.741
  19.184   51.097   58.762
  19.380   50.404   57.383
  17.984   51.662   58.760
  20.110   52.044   58.869
  20.385   51.016   56.774
  19.713   49.137   57.605
  18.157   50.425   56.402
  18.400   51.111   55.015
  17.821   49.099   56.154
  17.154   51.051   57.006
  18.722   52.379   55.235
  19.414   50.495   54.420
  17.177   51.094   54.033
  16.500   48.827   56.474
  16.132   49.585   57.499
  15.724   49.088   55.430
  16.365   47.381   56.841
  17.297   47.049   57.963
  18.553   47.278   57.598
  16.998   47.803   59.015
  17.164   45.767   58.287
  16.656   46.582   55.739
  15.857   45.443   55.770
  15.155   45.448   56.895
  15.029   45.454   54.729
  16.693   44.205   55.711
  17.409   44.208   54.590
  17.514   44.183   56.758
  15.665   42.770   55.757
  14.807   42.765   54.646
  16.482   41.620   55.721
  14.784   42.744   57.117
  15.111   47.146   57.228
  17.440   51.656   52.591
  16.748   49.841   53.918
  16.217   51.833   54.575
  17.815   52.924   52.713
  18.430   50.958   52.041
  16.215   51.616   51.613
  16.428   52.278   50.208
  15.868   50.345   51.433
  15.215   52.256   52.208
  16.476   53.593   50.394
  17.593   51.864   49.722
  15.320   51.977   49.144
  15.281   52.916   47.896
  15.489   50.727   48.723
  14.145   52.075   49.752
  16.529   53.224   47.566
  14.635   54.027   48.237
  14.596   52.313   46.627
  14.179   53.332   45.519
  13.510   51.648   47.006
  15.456   51.465   46.078
  15.227   54.101   45.247
  13.193   54.088   45.990
  13.705   52.686   44.176
  13.243   53.681   43.067
  12.696   51.860   44.435
  14.721   51.992   43.681
  14.280   54.454   42.759
  12.266   54.438   43.557
  12.738   53.008   41.751
  12.308   53.981   40.618
  13.703   52.223   41.288
  11.681   52.263   42.059
  11.284   54.700   41.064
  13.327   54.790   40.348
  11.876   53.281   39.302
  10.938   54.121   38.399
  11.205   52.109   39.635
  12.969   52.982   38.608
  10.505   55.146   39.119
   9.901   53.361   38.055
  11.546   54.687   37.105
  11.199   51.234   38.552
  12.447   50.874   38.278
  10.677   51.843   37.492
  10.391   50.016   38.864
  10.851   49.444   40.169
  12.129   49.094   40.077
  10.705   50.357   41.122
  10.122   48.372   40.463
  10.557   49.107   37.813
  10.395   47.756   38.111
  11.022   47.486   39.251
  10.926   47.035   37.131
   8.953   47.394   38.246
   8.298   47.800   37.164
   8.447   47.991   39.321
   8.792   45.643   38.426
   9.298   45.008   37.279
   9.529   45.228   39.551
   7.240   45.221   38.626
   9.106   50.350   38.965
  10.972   54.096   35.800
  12.856   54.472   37.118
  11.320   55.994   37.083
  11.972   53.538   35.126
  10.077   53.157   36.100
  10.308   55.119   34.860
  10.203   54.617   33.406
   9.085   55.389   35.312
  11.033   56.233   34.862
  11.432   54.453   32.940
   9.572   53.448   33.399
   9.469   55.565   32.449
   9.433   55.013   31.021
   8.222   55.738   32.878
  10.099   56.736   32.447
  10.655   54.585   30.724
   8.590   53.984   30.977
   9.035   56.020   29.945
   7.732   55.662   29.251
   9.999   56.051   29.035
   8.913   57.218   30.501
   6.741   56.284   29.878
   7.547   54.347   29.323
   7.713   56.069   27.784
   6.303   56.041   27.238
   8.464   55.222   27.082
   8.197   57.298   27.652
   5.607   56.978   27.870
   5.760   54.853   27.479
   6.199   56.316   25.749
   6.365   55.053   24.941
   4.990   56.810   25.492
   7.124   57.198   25.384
   7.620   54.956   24.516
   6.075   54.014   25.714
   5.442   55.016   23.742
   5.816   56.054   22.730
   5.534   53.756   23.151
   4.194   55.235   24.152
   5.767   57.268   23.270
   7.047   55.809   22.293
   4.966   55.999   21.710
   4.549   53.473   22.207
   4.806   54.114   21.071
   3.362   53.851   22.667
   4.537   52.001   21.966
   4.130   51.297   23.218
   2.915   51.699   23.578
   4.997   51.579   24.185
   4.113   49.986   23.007
   3.637   51.676   20.953
   3.960   50.408   20.485
   4.545   49.751   21.478
   4.809   50.515   19.467
   2.751   49.637   20.040
   2.325   50.104   18.869
   3.089   48.356   19.911
   1.456   49.771   21.235
   0.938   51.078   21.203
   1.978   49.496   22.512
   0.252   48.730   20.926
   5.758   51.613   21.610
  20.597   38.615   75.335
  14.880   41.995   57.754
   6.960   44.749   39.448
   0.004   48.049   21.597
  65.598   71.817   64.690
  64.180   71.935   64.226
  65.642   71.859   66.018
  66.312   72.820   64.193
  66.113   70.663   64.282
  63.473   70.930   64.735
  63.676   73.089   64.647
  64.113   71.879   62.731
  62.698   71.674   62.260
  64.592   73.011   62.226
  64.857   70.862   62.313
  61.975   71.211   63.272
  62.702   70.783   61.274
  62.078   72.948   61.749
  60.630   72.720   61.383
  62.746   73.350   60.673
  62.150   73.884   62.692
  59.900   72.834   62.485
  60.501   71.490   60.894
  60.136   73.710   60.347
  58.622   73.791   60.332
  60.626   74.913   60.630
  60.567   73.325   59.149
  58.135   72.558   60.415
  58.237   74.489   61.395
  58.080   74.452   59.072
  56.586   74.703   59.165
  58.705   75.612   58.891
  58.318   73.658   58.034
  55.988   73.538   59.390
  56.361   75.515   60.194
  55.995   75.327   57.903
  54.477   75.434   57.978
  56.505   76.544   57.741
  56.309   74.573   56.853
  53.965   74.236   57.718
  54.151   75.794   59.213
  53.875   76.460   57.009
  52.748   75.899   56.117
  54.892   76.991   56.223
  53.364   77.442   57.742
  52.314   74.768   56.659
  53.253   75.642   54.913
  51.538   76.846   55.960
  55.039   78.331   56.559
  55.278   78.425   57.861
  53.913   78.971   56.271
  56.163   78.982   55.811
  57.465   78.711   56.504
  57.432   79.205   57.738
  57.672   77.399   56.556
  58.454   79.290   55.832
  55.868   80.346   55.751
  56.915   81.265   55.824
  57.778   80.870   56.755
  56.418   82.453   56.152
  57.622   81.390   54.514
  56.726   81.417   53.534
  58.428   80.345   54.348
  58.581   82.877   54.492
  57.723   83.985   54.623
  59.483   82.855   55.568
  59.411   83.004   53.103
  56.218   78.489   54.579
  50.496   76.397   54.902
  51.988   78.053   55.632
  50.931   76.911   57.141
  50.098   75.173   55.216
  51.089   76.372   53.713
  49.247   77.308   54.821
  48.200   76.886   53.756
  49.647   78.546   54.560
  48.654   77.278   56.010
  47.706   75.710   54.118
  48.815   76.755   52.583
  47.018   77.881   53.587
  45.882   77.405   52.638
  47.499   79.028   53.123
  46.482   78.079   54.787
  45.301   76.352   53.201
  46.424   77.033   51.480
  44.775   78.465   52.345
  43.617   77.979   51.421
  44.255   78.856   53.504
  45.351   79.505   51.752
  44.124   77.780   50.212
  43.166   76.825   51.902
  42.396   78.948   51.279
  41.857   79.131   49.829
  42.755   80.141   51.747
  41.410   78.467   52.029
  42.520   78.256   49.084
  42.171   80.358   49.423
  40.335   78.894   49.557
  39.390   80.129   49.532
  40.232   78.285   48.383
  39.900   78.076   50.510
  38.456   79.929   50.450
  40.105   81.198   49.866
  38.658   80.431   48.179
  37.093   80.435   48.230
  39.063   81.699   47.780
  39.043   79.523   47.290
  36.691   79.229   48.609
  36.711   81.331   49.131
  36.377   80.772   46.876
  39.629   81.693   46.515
  40.252   80.538   46.320
  38.680   81.844   45.600
  40.609   82.821   46.403
  41.638   82.713   47.483
  41.058   82.772   48.676
  42.279   81.556   47.359
  42.507   83.712   47.371
  39.944   84.040   46.510
  40.571   84.981   45.699
  41.655   84.430   45.172
  39.742   85.351   44.727
  40.961   86.188   46.490
  39.874   86.731   47.033
  41.801   85.825   47.456
  41.759   87.370   45.448
  40.879   87.782   44.436
  42.134   88.487   46.225
  43.089   86.730   44.777
  41.210   82.758   45.215
  34.815   80.913   46.935
  36.879   81.910   46.406
  36.652   79.792   46.022
  34.319   79.753   47.353
  34.511   81.861   47.817
  34.113   81.268   45.579
  32.545   81.299   45.597
  34.554   82.457   45.181
  34.483   80.351   44.692
  32.126   80.042   45.701
  32.153   81.980   46.669
  31.868   81.936   44.338
  30.348   81.629   44.136
  32.022   83.254   44.415
  32.509   81.484   43.268
  29.766   81.601   45.329
  30.242   80.430   43.572
  29.569   82.661   43.258
  28.186   82.190   42.705
  30.332   83.002   42.225
  29.348   83.732   44.009
  27.477   81.706   43.718
  28.394   81.224   41.817
  27.334   83.310   42.024
  25.966   82.858   41.426
  28.052   83.855   41.046
  27.074   84.233   42.941
  25.225   82.385   42.424
  26.189   81.883   40.549
  25.154   83.988   40.717
  23.771   83.568   40.147
  24.969   84.974   41.586
  25.886   84.434   39.702
  23.977   82.643   39.216
  23.049   83.045   41.133
  22.961   84.729   39.510
  21.904   84.286   38.468
  23.855   85.580   38.870
  22.341   85.390   40.482
  22.145   83.018   38.169
  22.059   85.029   37.375
  20.429   84.388   38.891
  23.278   86.833   38.684
  23.040   87.381   39.870
  22.131   86.701   38.025
  24.191   87.723   37.905
  25.546   87.712   38.539
  25.462   88.174   39.781
  26.011   86.467   38.556
  26.369   88.485   37.837
  23.636   89.008   37.893
  24.515   90.078   37.746
  25.571   89.881   38.528
  23.895   91.194   38.111
  24.972   90.223   36.333
  23.911   90.270   35.535
  25.727   89.179   36.004
  25.922   91.702   36.160
  25.119   92.811   36.477
  27.015   91.651   37.046
  26.476   91.863   34.647
  24.291   87.271   36.656
  19.599   85.435   38.118
  20.374   84.688   40.184
  19.862   83.206   38.694
  19.121   86.312   38.995
  20.388   86.072   37.256
  18.393   84.867   37.346
  17.334   85.937   37.017
  18.827   84.326   36.209
  17.816   83.928   38.088
  16.841   86.391   38.159
  17.919   86.937   36.365
  16.155   85.438   36.171
  15.132   86.548   35.913
  16.614   84.992   35.005
  15.560   84.441   36.820
  14.907   87.165   37.068
  15.649   87.419   35.050
  13.781   86.076   35.382
  13.481   86.587   33.984
  12.840   86.523   36.202
  13.763   84.749   35.370
  13.887   85.673   33.111
  14.147   87.720   33.782
  12.000   86.855   33.758
  11.699   86.996   32.282
  11.655   87.982   34.378
  11.282   85.850   34.244
  11.934   85.823   31.709
  12.503   87.912   31.755
  10.266   87.384   31.966
  10.083   88.881   31.983
   9.969   86.949   30.744
   9.440   86.828   32.847
   9.594   89.259   33.159
  11.263   89.455   31.787
   9.146   89.355   30.892
   7.743   88.892   31.136
   9.164   90.749   30.868
   9.567   88.875   29.724
   7.695   87.565   31.195
   7.311   89.406   32.284
   6.964   89.311   30.145
   8.569   91.328   29.749
   7.245   91.266   29.849
   8.957   90.689   28.651
   9.004   92.753   29.668
  10.478   92.808   29.435
  10.770   92.189   28.296
  11.107   92.211   30.441
  10.869   94.075   29.357
   8.357   93.406   28.622
   8.459   94.775   28.844
   9.559   94.984   29.553
   7.402   95.191   29.536
   8.551   95.556   27.566
   7.356   95.607   26.982
   8.958   96.790   27.852
   9.714   94.809   26.464
   9.173   93.606   25.976
  10.907   94.548   27.163
  10.044   95.776   25.205
   8.708   93.359   30.815
  60.398   83.051   53.119
  43.973   87.135   44.948
  27.450   91.908   34.479
  10.972   96.076   25.043
  38.759   98.976   37.329
  39.649   97.852   36.898
  37.992   99.358   36.313
  39.502  100.001   37.730
  37.979   98.579   38.327
  38.895   96.835   36.493
  40.418   98.262   35.896
  40.513   97.405   38.037
  41.175   96.089   37.728
  41.441   98.326   38.274
  39.751   97.262   39.114
  40.519   95.505   36.732
  41.114   95.318   38.810
  42.620   96.255   37.342
  43.216   94.924   36.944
  43.290   96.744   38.380
  42.709   97.099   36.317
  42.924   94.704   35.668
  42.671   93.971   37.692
  44.720   94.890   37.129
  45.355   93.779   36.315
  45.232   96.053   36.739
  44.987   94.697   38.417
  44.606   92.689   36.435
  45.375   94.161   35.042
  46.773   93.456   36.766
  47.459   92.488   35.818
  47.476   94.584   36.820
  46.725   92.909   37.976
  46.717   91.389   35.746
  47.521   93.054   34.616
  48.871   92.106   36.258
  49.473   91.030   35.363
  49.646   93.185   36.216
  48.830   91.639   37.502
  48.960   89.858   35.722
  49.127   91.296   34.109
  51.004   90.950   35.427
  51.550   89.537   35.722
  51.464   91.853   36.379
  51.469   91.327   34.242
  50.584   88.660   35.480
  51.884   89.476   37.009
  52.775   89.143   34.869
  52.172   92.849   35.719
  51.385   93.405   34.806
  53.223   92.304   35.119
  52.656   93.916   36.654
  51.566   94.914   36.902
  51.206   95.485   35.756
  50.517   94.299   37.440
  52.004   95.853   37.734
  53.780   94.493   36.058
  54.002   95.861   36.225
  52.847   96.508   36.102
  54.847   96.272   35.286
  54.596   96.156   37.563
  55.528   95.251   37.838
  53.642   96.106   38.488
  55.314   97.774   37.554
  56.353   97.815   36.605
  54.327   98.710   37.206
  55.909   98.145   39.016
  53.006   93.363   37.810
  53.467   87.823   35.296
  53.664   90.131   34.927
  52.356   89.006   33.614
  52.554   86.862   35.282
  53.925   87.971   36.536
  54.637   87.396   34.377
  55.353   86.086   34.797
  55.527   88.380   34.346
  54.138   87.214   33.157
  54.484   85.092   34.679
  55.718   86.192   36.073
  56.610   85.739   33.951
  57.253   84.357   34.255
  57.523   86.681   34.152
  56.247   85.741   32.672
  56.385   83.420   33.891
  57.464   84.266   35.567
  58.600   84.077   33.520
  59.231   82.678   33.797
  58.394   84.196   32.212
  59.477   84.995   33.909
  59.608   82.651   35.068
  58.290   81.759   33.601
  60.466   82.292   32.917
  61.653   81.639   33.688
  60.912   83.395   32.320
  60.051   81.434   31.992
  61.215   81.439   34.925
  62.653   82.515   33.727
  62.214   80.269   33.181
  63.469   80.282   32.262
  62.507   79.541   34.250
  61.231   79.679   32.509
  63.137   79.672   31.134
  63.770   81.549   31.998
  64.756   79.576   32.813
  65.316   78.397   31.948
  65.747   80.548   32.881
  64.483   79.110   34.026
  64.380   77.460   31.875
  65.572   78.862   30.731
  66.623   77.724   32.496
  66.273   80.669   34.157
  65.327   80.405   35.048
  67.276   79.814   34.309
  66.780   82.066   34.356
  65.680   83.048   34.103
  65.239   82.931   32.856
  64.684   82.814   34.949
  66.136   84.282   34.290
  67.839   82.315   33.488
  68.755   83.160   34.107
  68.263   83.529   35.282
  69.903   82.513   34.289
  69.008   84.373   33.271
  69.486   84.001   32.087
  67.865   85.030   33.097
  70.168   85.437   34.073
  71.389   84.766   34.244
  70.370   86.580   33.271
  69.605   85.904   35.519
  67.207   82.198   35.611
  67.276   76.631   31.577
  67.526   78.674   32.716
  66.319   77.139   33.649
  66.385   75.660   31.409
  67.550   77.182   30.399
  68.591   75.979   32.128
  69.191   74.806   31.278
  69.511   76.932   32.242
  68.317   75.496   33.335
  68.387   73.759   31.426
  69.196   75.175   30.001
  70.642   74.365   31.665
  71.112   72.973   31.131
  71.483   75.292   31.216
  70.707   74.324   32.990
  70.609   72.802   29.914
  70.624   72.036   31.938
  72.660   72.784   31.030
  73.166   71.312   30.896
  73.225   73.319   32.106
  73.069   73.440   29.951
  72.490   70.728   29.914
  72.919   70.677   32.036
  74.690   71.168   30.573
  75.231   69.708   30.476
  75.385   71.804   31.511
  74.910   71.746   29.400
  74.584   69.102   29.486
  74.965   69.081   31.618
  76.762   69.594   30.192
  77.316   68.149   30.054
  77.028   70.255   29.072
  77.405   70.173   31.201
  77.124   67.525   31.211
  76.632   67.524   29.100
  78.827   68.072   29.704
  79.519   66.747   30.110
  79.477   69.109   30.365
  78.962   68.231   28.392
  78.695   66.099   30.921
  80.636   67.045   30.770
  79.897   65.786   28.971
  80.701   69.374   29.757
  80.485   69.809   28.521
  81.424   68.259   29.709
  81.454   70.414   30.521
  80.564   71.595   30.749
  80.196   72.110   29.581
  79.488   71.208   31.425
  81.221   72.516   31.448
  82.589   70.757   29.779
  83.112   72.034   29.973
  82.115   72.912   29.995
  83.930   72.318   28.966
  83.876   72.126   31.252
  84.777   71.151   31.292
  83.037   71.996   32.276
  84.680   73.695   31.356
  85.590   73.824   30.293
  83.712   74.713   31.267
  85.477   73.847   32.759
  81.826   69.916   31.699
  81.414   65.592   28.757
  79.373   66.237   27.838
  79.380   64.596   29.247
  81.706   65.966   27.516
  82.080   66.366   29.610
  81.914   64.144   28.921
  83.271   63.897   28.235
  82.031   63.875   30.220
  81.021   63.321   28.380
  83.110   64.071   26.932
  84.151   64.784   28.689
  83.854   62.494   28.445
  85.185   62.316   27.710
  84.047   62.293   29.746
  82.982   61.600   27.988
  85.033   62.794   26.480
  86.123   63.023   28.337
  85.666   60.873   27.577
  86.967   60.611   28.315
  85.858   60.622   26.289
  84.729   60.062   28.051
  86.673   60.161   29.529
  87.648   61.749   28.417
  87.848   59.586   27.614
  88.930   59.083   28.544
  88.421   60.149   26.552
  87.112   58.555   27.220
  88.338   58.420   29.530
  89.595   60.118   29.047
  89.932   58.146   27.896
  91.064   58.907   27.251
  90.451   57.362   28.838
  89.326   57.396   26.979
  90.826   59.046   25.951
  91.147   60.104   27.819
  92.396   58.212   27.431
  92.448   56.923   26.669
  93.402   59.055   26.960
  92.580   57.962   28.725
  91.481   56.105   27.073
  92.304   57.180   25.373
  93.624   56.339   26.875
  94.699   58.676   27.304
  95.092   57.653   26.552
  94.740   58.323   28.584
  95.604   59.842   27.087
  95.227   60.943   28.023
  95.343   60.517   29.276
  93.971   61.310   27.790
  96.033   61.982   27.835
  96.930   59.486   27.320
  97.741   60.438   26.713
  97.061   61.575   26.670
  98.030   60.048   25.474
  99.018   60.665   27.468
  99.847   59.642   27.272
  99.582   61.785   27.021
  98.694   60.838   29.198
  98.322   59.585   29.719
  97.648   61.760   29.380
 100.003   61.363   29.998
  95.475   60.258   25.830
  55.564   98.930   39.507
  69.462   86.864   35.707
  85.242   74.576   33.384
  99.964   62.211   30.503
  66.026   64.334   62.743
  65.298   63.032   62.618
  66.821   64.305   63.807
  65.147   65.321   62.875
  66.766   64.544   61.661
  66.187   62.051   62.492
  64.568   62.832   63.709
  64.404   63.046   61.416
  63.914   61.660   61.090
  63.366   63.843   61.649
  65.093   63.514   60.383
  64.703   60.777   61.691
  63.976   61.486   59.774
  62.492   61.440   61.535
  62.077   60.009   61.280
  61.697   62.257   60.853
  62.390   61.701   62.835
  62.487   59.269   62.303
  62.664   59.585   60.166
  60.576   59.866   61.126
  60.128   58.433   61.342
  59.972   60.643   62.019
  60.235   60.251   59.899
  60.981   57.628   60.718
  60.164   58.184   62.647
  58.724   58.169   60.817
  58.221   56.794   61.220
  57.901   59.093   61.305
  58.739   58.249   59.491
  59.082   55.893   60.761
  58.190   56.733   62.548
  56.830   56.474   60.677
  56.418   55.039   60.981
  55.947   57.301   61.228
  56.827   56.638   59.357
  57.027   54.241   60.111
  56.827   54.745   62.209
  54.904   54.797   60.913
  54.494   53.618   60.005
  54.278   55.967   60.496
  54.492   54.525   62.146
  55.566   52.863   59.797
  54.072   54.110   58.843
  53.387   52.720   60.600
  53.518   56.447   61.555
  54.307   56.621   62.608
  52.582   55.555   61.851
  52.852   57.749   61.229
  53.805   58.884   61.455
  54.186   58.909   62.728
  54.870   58.727   60.675
  53.205   60.033   61.160
  51.720   57.836   62.044
  51.339   59.086   62.535
  52.423   59.751   62.924
  50.528   58.907   63.572
  50.616   59.881   61.497
  49.770   59.088   60.849
  51.498   60.385   60.637
  49.730   61.204   62.267
  48.768   60.670   63.144
  50.633   61.998   62.992
  48.988   62.122   61.154
  52.477   57.746   59.955
  52.813   51.664   59.621
  52.395   53.498   61.021
  53.913   52.080   61.640
  53.823   50.932   59.172
  52.248   52.302   58.599
  51.769   50.714   60.257
  51.170   49.660   59.289
  50.783   51.448   60.755
  52.376   50.061   61.244
  52.148   48.846   58.918
  50.699   50.290   58.214
  50.026   48.803   59.899
  49.515   47.642   59.000
  49.003   49.603   60.173
  50.482   48.267   61.027
  50.505   46.765   58.872
  49.216   48.135   57.799
  48.266   46.882   59.543
  47.772   45.696   58.660
  48.556   46.415   60.754
  47.268   47.753   59.640
  47.305   46.205   57.528
  48.820   44.922   58.392
  46.656   44.792   59.282
  45.492   44.414   58.317
  46.140   45.429   60.330
  47.231   43.668   59.696
  45.855   44.863   57.121
  44.403   45.071   58.705
  45.124   42.905   58.140
  43.948   42.330   58.981
  44.831   42.715   56.860
  46.213   42.207   58.444
  44.429   41.321   59.692
  43.532   43.284   59.807
  42.708   41.793   58.188
  42.345   40.286   58.416
  41.614   42.548   58.595
  42.937   41.974   56.892
  43.381   39.552   58.031
  42.134   40.104   59.714
  41.082   39.773   57.641
  40.983   43.169   57.530
  41.882   43.470   56.602
  40.070   42.355   57.015
  40.314   44.422   58.010
  41.316   45.315   58.671
  41.861   44.698   59.713
  42.265   45.626   57.795
  40.716   46.425   59.085
  39.303   44.104   58.912
  38.256   45.011   58.771
  38.615   45.937   57.893
  37.175   44.374   58.329
  37.937   45.661   60.078
  37.593   44.729   60.963
  39.012   46.310   60.518
  36.611   46.811   59.881
  35.461   46.139   59.440
  36.347   47.423   61.125
  37.009   47.959   58.807
  39.781   45.056   56.966
  40.623   38.306   57.959
  40.067   40.591   57.902
  41.359   39.827   56.343
  41.624   37.492   57.643
  40.381   38.215   59.263
  39.349   37.812   57.191
  38.946   36.313   57.410
  38.325   38.581   57.548
  39.581   37.976   55.894
  39.845   35.565   56.780
  38.997   36.052   58.713
  37.526   35.911   56.888
  37.252   34.381   56.723
  36.626   36.410   57.729
  37.366   36.473   55.696
  37.861   33.740   57.713
  37.776   33.991   55.565
  35.746   33.965   56.752
  35.414   32.544   56.196
  35.046   34.854   56.056
  35.351   33.994   58.018
  36.222   31.669   56.783
  35.642   32.539   54.887
  33.944   32.069   56.441
  33.574   30.670   55.859
  33.114   32.966   55.917
  33.752   32.010   57.752
  34.356   29.768   56.444
  33.819   30.676   54.552
  32.090   30.238   56.084
  31.708   28.831   55.545
  31.840   30.271   57.387
  31.314   31.124   55.469
  31.879   28.838   54.228
  32.526   27.935   56.089
  30.246   28.405   55.845
  29.673   27.335   54.883
  29.439   29.534   55.751
  30.194   27.926   57.083
  30.498   27.244   53.850
  28.484   27.752   54.455
  29.489   25.918   55.453
  28.243   29.328   56.434
  28.503   29.172   57.727
  27.651   28.231   55.972
  27.325   30.493   56.253
  28.062   31.753   56.583
  28.459   31.719   57.850
  29.119   31.864   55.786
  27.258   32.796   56.402
  26.219   30.306   57.088
  25.548   31.448   57.518
  26.439   32.362   57.888
  24.782   31.130   58.555
  24.684   32.014   56.440
  23.893   31.058   55.967
  25.451   32.479   55.459
  23.708   33.336   57.089
  22.873   32.844   58.106
  24.563   34.318   57.624
  22.795   34.007   55.931
  26.921   30.546   54.984
  28.023   25.450   55.578
  30.046   25.866   56.656
  30.110   25.067   54.647
  27.787   25.173   56.856
  27.213   26.435   55.193
  27.672   24.187   54.769
  26.405   23.478   55.286
  27.486   24.529   53.497
  28.687   23.333   54.852
  26.645   23.055   56.518
  25.403   24.350   55.310
  25.964   22.263   54.459
  24.720   21.595   55.050
  25.696   22.657   53.216
  26.961   21.383   54.434
  24.912   21.472   56.359
  23.666   22.380   54.839
  24.410   20.203   54.507
  23.093   20.139   53.754
  24.345   19.367   55.535
  25.391   19.829   53.695
  23.341   20.338   52.464
  22.287   21.097   54.203
  22.384   18.802   53.914
  21.296   18.643   52.875
  21.836   18.735   55.126
  23.256   17.811   53.772
  21.880   18.589   51.685
  20.487   19.695   52.921
  20.453   17.390   53.033
  19.298   17.615   53.976
  19.953   17.064   51.843
  21.205   16.391   53.487
  19.617   17.174   55.187
  19.043   18.917   54.029
  18.040   16.911   53.517
  18.186   15.423   53.594
  16.986   17.305   54.341
  17.786   17.260   52.258
  19.203   15.016   52.841
  18.399   15.074   54.860
  17.068   14.849   53.162
  15.716   16.959   53.883
  15.494   15.663   54.082
  15.617   17.228   52.587
  14.709   17.766   54.632
  14.892   19.212   54.307
  14.728   19.396   53.002
  16.115   19.593   54.662
  13.995   19.933   54.968
  13.416   17.385   54.283
  12.554   17.837   55.276
  13.108   18.907   55.830
  12.405   16.890   56.197
  11.207   18.216   54.734
  10.511   17.117   54.447
  10.560   18.921   55.659
  11.378   19.201   53.276
  11.843   18.388   52.227
  12.301   20.234   53.525
   9.963   19.858   52.833
  14.887   17.573   55.936
  49.209   63.083   61.077
  37.032   48.907   59.083
  22.901   34.965   55.711
   9.871   20.840   52.778
  77.403   70.797    2.507
  77.517   70.215    3.881
  76.188   71.309    2.333
  77.614   69.846    1.604
  78.300   71.763    2.348
  77.297   71.174    4.776
  76.610   69.257    4.027
  78.884   69.643    4.094
  79.125   69.347    5.550
  79.010   68.526    3.384
  79.782   70.529    3.681
  78.244   70.025    6.275
  80.355   69.740    5.866
  78.999   67.878    5.861
  79.148   67.639    7.346
  79.952   67.218    5.211
  77.806   67.444    5.464
  77.968   67.838    7.918
  80.027   68.509    7.833
  79.628   66.235    7.656
  79.330   65.850    9.092
  79.014   65.378    6.846
  80.940   66.178    7.449
  79.624   66.883    9.873
  78.032   65.583    9.185
  80.128   64.638    9.554
  79.672   64.150   10.917
  79.976   63.659    8.667
  81.412   64.972    9.625
  79.791   65.158   11.774
  78.392   63.799   10.829
  80.476   62.960   11.436
  80.086   62.588   12.861
  80.264   61.914   10.644
  81.770   63.268   11.424
  80.673   63.445   13.688
  78.768   62.704   12.970
  80.472   61.157   13.260
  81.282   61.065   14.570
  81.177   60.571   12.214
  79.344   60.477   13.429
  81.131   62.205   15.232
  82.567   60.906   14.259
  80.847   59.912   15.501
  80.400   59.544   11.695
  79.225   60.038   11.323
  80.213   58.628   12.637
  81.045   58.888   10.512
  80.759   59.675    9.269
  79.447   59.731    9.061
  81.240   60.907    9.406
  81.337   59.086    8.228
  80.536   57.588   10.447
  80.322   57.012    9.194
  79.784   57.918    8.383
  79.488   55.987    9.334
  81.597   56.511    8.600
  82.311   55.906    9.543
  82.287   57.538    8.111
  81.241   55.372    7.293
  80.549   54.265    7.818
  80.439   56.013    6.335
  82.610   54.863    6.587
  82.359   58.837   10.698
  81.781   59.670   16.714
  80.777   58.795   14.783
  79.636   60.212   15.961
  81.879   60.808   17.387
  82.983   59.329   16.258
  81.283   58.572   17.686
  82.213   58.302   18.898
  81.133   57.445   17.003
  80.103   58.963   18.157
  82.232   59.396   19.646
  83.443   58.066   18.446
  81.777   57.107   19.790
  82.605   56.915   21.092
  81.860   55.995   19.072
  80.512   57.310   20.146
  82.378   57.964   21.874
  83.897   56.884   20.772
  82.271   55.627   21.906
  83.076   55.448   23.229
  80.974   55.645   22.201
  82.528   54.577   21.135
  84.344   55.237   22.902
  82.985   56.581   23.920
  82.616   54.280   24.164
  83.766   53.417   24.765
  81.813   53.480   23.466
  81.930   54.814   25.170
  84.893   54.028   24.422
  83.735   52.223   24.181
  83.818   53.210   26.314
  83.205   51.908   26.904
  85.094   53.253   26.677
  83.177   54.238   26.859
  82.271   52.270   27.772
  82.635   51.236   25.909
  84.186   50.939   27.651
  83.846   50.639   29.150
  84.151   49.729   26.968
  85.404   51.464   27.597
  83.877   51.786   29.816
  82.622   50.130   29.203
  84.819   49.642   29.873
  85.408   49.335   26.539
  86.132   50.410   26.258
  86.007   48.635   27.494
  85.271   48.483   25.313
  84.521   49.228   24.255
  83.307   49.544   24.690
  85.185   50.338   23.951
  84.412   48.469   23.170
  84.595   47.307   25.626
  85.098   46.266   24.851
  85.984   46.762   24.000
  85.689   45.372   25.640
  84.001   45.592   24.091
  83.103   45.108   24.946
  83.415   46.479   23.292
  84.656   44.277   23.110
  85.259   43.319   23.940
  83.603   43.675   22.390
  85.752   44.843   22.059
  86.486   48.178   24.859
  84.421   49.224   31.332
  84.915   48.539   29.136
  86.011   50.224   29.940
  84.382   50.326   32.072
  83.210   48.677   31.298
  85.391   48.213   32.037
  85.072   47.875   33.534
  85.391   47.082   31.339
  86.609   48.744   31.999
  85.368   48.952   34.254
  83.770   47.625   33.638
  85.852   46.658   34.133
  85.868   46.541   35.692
  85.319   45.547   33.634
  87.113   46.754   33.730
  84.686   46.933   36.151
  86.808   47.358   36.157
  86.136   45.106   36.251
  86.557   45.020   37.753
  87.089   44.537   35.522
  85.012   44.413   36.117
  85.684   45.720   38.469
  87.763   45.561   37.884
  86.599   43.572   38.342
  87.057   43.454   39.829
  87.418   42.835   37.599
  85.374   43.070   38.269
  86.189   44.131   40.574
  88.259   44.010   39.947
  87.129   41.995   40.379
  87.547   41.856   41.870
  85.937   41.432   40.222
  88.022   41.332   39.651
  88.776   42.342   41.996
  86.711   42.577   42.611
  87.542   40.398   42.403
  88.457   40.154   43.629
  87.972   39.561   41.380
  86.296   40.079   42.740
  89.247   41.211   43.753
  89.203   39.079   43.385
  87.760   39.936   44.982
  87.566   38.252   41.625
  86.240   38.199   41.605
  88.001   37.869   42.822
  88.113   37.327   40.586
  87.793   37.871   39.229
  86.476   37.948   39.079
  88.328   39.080   39.105
  88.295   37.064   38.300
  87.541   36.066   40.788
  87.439   35.232   39.677
  86.998   35.940   38.642
  86.576   34.260   39.949
  88.754   34.620   39.327
  89.265   34.038   40.406
  89.583   35.569   38.903
  88.536   33.425   38.045
  87.685   32.404   38.499
  87.954   34.053   36.927
  89.955   32.778   37.606
  89.435   37.243   40.720
  87.918   38.521   45.577
  86.464   40.184   44.840
  88.275   40.793   45.853
  86.705   38.000   45.729
  88.611   37.763   44.730
  88.608   38.468   46.954
  88.311   37.166   47.723
  89.923   38.575   46.780
  88.176   39.489   47.686
  87.011   37.127   47.976
  88.639   36.129   46.959
  89.046   37.027   49.062
  88.677   35.725   49.780
  90.358   37.043   48.843
  88.718   38.058   49.835
  87.355   35.600   49.733
  89.232   34.703   49.134
  89.084   35.656   51.250
  90.108   34.571   51.531
  87.997   35.401   51.965
  89.586   36.829   51.613
  91.318   35.112   51.457
  89.993   33.614   50.615
  89.938   33.940   52.906
  91.171   33.153   53.291
  88.890   33.119   52.888
  89.737   34.887   53.814
  92.173   34.011   53.422
  91.458   32.285   52.327
  91.047   32.387   54.596
  90.439   31.024   54.382
  92.265   32.217   55.105
  90.299   33.073   55.456
  89.138   31.067   54.648
  90.623   30.672   53.115
  91.079   29.968   55.257
  90.769   30.195   56.704
  90.584   28.720   54.879
  92.398   30.005   55.082
  91.202   31.391   57.090
  89.454   30.117   56.883
  91.369   29.260   57.434
  91.275   27.628   55.401
  90.961   27.456   56.682
  92.583   27.829   55.293
  90.898   26.415   54.620
  91.364   26.569   53.209
  92.684   26.717   53.193
  90.788   27.639   52.669
  91.034   25.489   52.511
  91.485   25.276   55.166
  90.791   24.168   54.692
  90.273   24.493   53.516
  89.810   23.865   55.538
  91.679   22.970   54.516
  91.969   22.445   55.704
  91.034   22.070   53.777
  93.175   23.423   53.691
  93.967   24.186   54.568
  92.860   24.182   52.549
  94.021   22.117   53.235
  89.575   26.282   54.643
  82.762   55.027    5.625
  85.610   44.732   21.088
  90.271   32.867   36.673
  94.228   21.972   52.280
  23.309   36.962   42.555
  23.948   37.792   41.485
  22.196   36.405   42.090
  23.015   37.733   43.597
  24.140   36.000   42.939
  24.232   37.012   40.446
  23.103   38.744   41.107
  25.209   38.418   41.993
  26.025   38.985   40.862
  24.906   39.386   42.853
  25.923   37.487   42.615
  25.615   38.437   39.724
  27.303   38.680   41.065
  25.902   40.483   40.766
  26.653   40.997   39.559
  26.410   41.028   41.866
  24.618   40.814   40.657
  25.862   40.887   38.500
  27.737   40.249   39.380
  27.079   42.442   39.721
  27.394   43.083   38.383
  26.094   43.122   40.300
  28.161   42.485   40.493
  28.097   42.218   37.659
  26.244   43.339   37.768
  28.190   44.374   38.521
  28.321   45.099   37.193
  27.574   45.168   39.391
  29.405   44.083   38.973
  28.898   44.270   36.329
  27.101   45.403   36.760
  29.150   46.379   37.281
  29.379   47.002   35.909
  28.514   47.255   38.051
  30.335   46.098   37.814
  30.347   46.325   35.303
  28.255   46.884   35.211
  29.756   48.489   35.955
  31.039   48.838   35.172
  29.879   48.883   37.283
  28.751   49.168   35.414
  31.302   47.838   34.339
  32.041   48.959   36.040
  30.937   50.136   34.341
  28.857   49.781   37.560
  27.692   49.205   37.290
  29.006   50.852   36.792
  28.860   50.218   38.995
  28.144   49.208   39.840
  26.883   49.090   39.434
  28.756   48.032   39.736
  28.155   49.603   41.108
  28.247   51.473   39.033
  27.457   51.802   40.136
  26.714   50.751   40.469
  26.670   52.820   39.806
  28.295   52.207   41.304
  29.283   52.990   40.884
  28.804   51.120   41.878
  27.299   53.076   42.481
  26.797   54.249   41.887
  26.230   52.254   42.870
  28.172   53.470   43.790
  30.113   50.327   39.420
  32.275   50.617   33.722
  30.455   51.098   35.121
  30.080   49.905   33.351
  32.765   49.626   32.990
  33.122   50.889   34.711
  32.141   51.867   32.819
  33.471   52.374   32.203
  31.600   52.844   33.534
  31.324   51.548   31.819
  33.919   51.439   31.378
  34.355   52.544   33.184
  33.347   53.706   31.413
  34.633   54.152   30.661
  33.002   54.667   32.260
  32.387   53.549   30.507
  34.871   53.263   29.704
  35.651   54.147   31.520
  34.559   55.563   29.999
  35.834   55.999   29.216
  33.524   55.576   29.162
  34.353   56.456   30.960
  36.809   56.169   30.099
  36.163   55.013   28.387
  35.711   57.312   28.373
  36.916   58.293   28.489
  34.611   57.953   28.761
  35.583   56.962   27.097
  37.839   57.649   29.194
  36.519   59.357   29.181
  37.612   58.786   27.178
  37.188   60.163   26.593
  38.916   58.834   27.415
  37.373   57.866   26.249
  36.762   59.952   25.356
  36.182   60.627   27.326
  38.295   61.271   26.522
  38.609   61.839   25.096
  37.849   62.332   27.301
  39.416   60.768   27.025
  39.037   60.836   24.340
  37.484   62.327   24.588
  39.695   62.970   25.047
  38.752   62.663   28.299
  39.386   61.568   28.697
  39.633   63.539   27.832
  38.017   63.269   29.455
  36.961   62.326   29.939
  36.091   62.075   28.968
  37.534   61.192   30.325
  36.320   62.869   30.969
  37.430   64.471   29.067
  37.444   65.359   30.139
  37.920   64.729   31.204
  38.227   66.394   29.846
  36.066   65.859   30.431
  35.582   66.476   29.356
  35.282   64.829   30.736
  36.100   66.980   31.796
  36.904   68.086   31.482
  34.785   67.419   32.061
  36.684   66.248   33.119
  38.880   63.507   30.442
  39.927   63.646   23.649
  39.354   63.918   25.915
  40.850   62.434   25.423
  40.320   62.700   22.804
  38.773   64.154   23.230
  41.002   64.787   23.618
  41.329   65.392   22.208
  40.589   65.769   24.413
  42.129   64.281   24.105
  42.011   64.474   21.533
  40.182   65.633   21.581
  42.167   66.713   22.219
  42.843   67.119   20.868
  41.365   67.703   22.599
  43.133   66.567   23.117
  42.020   66.798   19.877
  43.967   66.420   20.744
  43.184   68.637   20.721
  44.201   69.008   19.596
  43.667   69.078   21.877
  42.050   69.273   20.452
  43.797   68.439   18.466
  45.392   68.524   19.928
  44.351   70.541   19.325
  45.392   70.942   18.234
  44.692   71.142   20.461
  43.171   70.998   18.926
  45.002   70.400   17.084
  46.576   70.440   18.574
  45.550   72.480   18.012
  46.555   72.901   16.904
  44.358   72.981   17.713
  45.971   73.012   19.155
  47.759   72.469   17.259
  46.197   72.315   15.765
  46.637   74.432   16.662
  47.963   74.917   16.024
  46.499   75.072   17.889
  45.635   74.785   15.864
  48.829   73.916   16.096
  48.420   75.941   16.741
  47.901   75.370   14.556
  46.112   76.396   17.701
  44.909   76.420   17.140
  46.981   77.003   16.898
  46.063   77.121   19.006
  45.243   76.329   19.976
  44.005   76.201   19.514
  45.788   75.128   20.130
  45.213   76.958   21.146
  45.512   78.387   18.776
  44.859   78.998   19.844
  44.086   78.102   20.449
  44.107   79.988   19.375
  45.827   79.558   20.831
  46.694   80.340   20.198
  46.480   78.562   21.422
  44.960   80.490   22.057
  44.293   81.562   21.441
  44.017   79.655   22.685
  45.979   81.070   23.175
  47.298   77.254   19.487
  48.161   76.874   14.326
  46.702   75.076   14.068
  48.824   74.699   13.880
  47.088   77.392   13.738
  48.341   77.473   15.500
  49.369   77.195   13.425
  49.306   78.611   12.821
  50.483   77.081   14.143
  49.398   76.320   12.425
  48.247   78.673   12.029
  49.168   79.493   13.805
  50.530   79.010   11.986
  50.381   80.415   11.396
  51.613   78.978   12.759
  50.671   78.135   10.995
  49.163   80.505   10.873
  50.500   81.310   12.375
  51.374   80.764   10.291
  52.307   81.901   10.668
  50.683   81.128    9.219
  52.096   79.689   10.006
  53.413   81.379   11.183
  51.713   82.669   11.578
  52.686   82.774    9.480
  53.880   83.642    9.810
  51.658   83.558    9.162
  52.992   82.009    8.439
  54.920   82.840   10.002
  53.636   84.320   10.926
  54.257   84.634    8.726
  53.485   85.922    8.862
  55.552   84.918    8.843
  54.026   84.106    7.527
  52.438   85.905    8.045
  53.069   86.035   10.117
  54.334   87.134    8.541
  54.703   87.175    7.091
  53.604   88.281    8.853
  55.444   87.089    9.273
  55.376   86.080    6.751
  53.593   87.261    6.363
  55.464   88.240    6.861
  54.341   89.463    8.872
  54.595   89.865    7.630
  55.487   89.269    9.514
  53.546   90.503    9.588
  53.370   90.097   11.014
  54.561   89.974   11.590
  52.726   88.936   11.066
  52.666   91.022   11.656
  54.196   91.734    9.546
  53.260   92.721    9.834
  52.320   92.174   10.591
  52.717   93.159    8.701
  53.862   93.881   10.572
  54.583   94.624    9.735
  52.877   94.617   11.082
  54.892   93.311   11.891
  56.056   92.738   11.346
  54.191   92.347   12.638
  55.325   94.524   12.875
  52.357   90.614    9.003
  27.909   53.133   44.681
  36.126   66.175   33.930
  45.869   80.814   24.123
  55.084   94.493   13.833
  70.470   39.485   49.669
  71.057   40.676   49.739
  69.174   39.759   49.536
  65.957   77.891   26.668
  66.822   78.800   27.109
  66.675   77.107   25.869
  26.275   95.984   10.440
  27.119   95.703    9.451
  25.327   96.723    9.869
  84.784   82.885   31.360
  83.661   82.772   30.657
  84.950   81.689   31.919
  89.004   19.989   42.107
  88.848   18.669   42.063
  90.312   20.176   41.951
  25.696   47.419   26.649
  26.699   48.184   27.071
  26.047   47.057   25.418
  54.163   87.346   90.528
  53.399   86.477   91.183
  54.371   88.330   91.400
  88.365   34.605   93.692
  89.539   34.195   94.164
  88.246   35.855   94.132
  50.144   39.849   19.845
  49.633   38.850   20.558
  49.982   40.924   20.611
  15.282   97.396   68.049
  15.211   97.492   69.373
  14.028   97.552   67.634
  27.839   10.485   92.964
  26.582   10.427   92.532
  27.793   11.298   94.017
  43.966   57.742    9.978
  45.167   57.965   10.505
  43.171   58.626   10.575
  73.666   59.286   59.926
  74.146   58.048   59.856
  72.344   59.134   59.902
  50.207   24.087   27.537
  49.283   23.170   27.263
  51.273   23.706   26.837
  44.547   79.228   81.444
  43.824   79.908   80.559
  45.696   79.895   81.520
  93.381   67.108   45.495
  93.220   68.346   45.037
  94.374   66.608   44.764
  47.238   45.600    2.681
  46.612   46.771    2.596
  46.320   44.765    3.160
  62.655   33.725   50.645
  62.354   32.647   49.928
  63.870   34.073   50.231
  36.189   93.431   63.017
  37.508   93.269   63.045
  35.811   92.886   61.863
  42.082   47.205   20.201
  42.958   46.617   21.011
  40.894   46.804   20.646
  76.790   29.440   81.014
  76.478   29.895   82.224
  77.392   28.275   81.240
  44.307   64.688   82.748
  45.396   65.065   82.084
  43.355   65.514   82.323
  80.017   88.733    9.116
  78.989   88.042    8.631
  80.440   89.467    8.090
  52.139   86.369   18.484
  51.119   87.217   18.571
  52.926   86.889   17.545
  25.574   79.107   17.034
  25.666   79.154   18.360
  25.977   77.879   16.716
  86.609   14.828   34.501
  86.728   16.131   34.261
  87.862   14.385   34.568
  33.447   62.470   53.273
  32.915   62.834   54.436
  33.567   63.607   52.591
  78.121   19.459    7.587
  77.248   20.459    7.506
  79.299   20.023    7.329
  94.447   98.633   54.526
  95.688   98.313   54.879
  94.484   99.949   54.332
  83.769   34.563   44.161
  83.962   34.182   45.421
  84.910   35.150   43.811
  38.082   78.853   89.207
  38.413   77.569   89.311
  36.758   78.869   89.343
  99.245   11.306   66.969
  98.083   11.701   66.457
  98.921   10.708   68.112
  96.477   22.828   93.338
  96.012   23.727   92.476
  96.807   23.538   94.414
  91.429   98.383   36.975
  91.778   98.708   38.216
  90.110   98.556   36.942
   3.372   45.296   30.911
   3.953   44.180   31.341
   4.187   46.270   31.306
  72.755   16.256   48.445
  72.444   17.175   49.355
  71.907   16.476   47.444
  65.946   74.061   55.891
  64.694   73.942   56.326
  66.049   73.156   54.921
  98.456   39.832   33.746
  97.164   40.117   33.608
  99.067   41.011   33.676
  63.026   95.733   28.903
  62.650   94.463   29.018
  64.351   95.700   29.016
  30.979   83.295   35.451
  31.839   82.319   35.176
  31.354   83.742   36.647
  84.859   34.352   33.088
  85.319   34.460   34.331
  83.621   34.835   33.148
  90.080   52.613   89.326
  88.876   52.050   89.375
  90.048   53.552   90.268
  79.792   48.342   14.730
  79.750   49.664   14.587
  81.090   48.049   14.741
  24.321   39.832   91.115
  23.510   39.060   90.399
  25.533   39.593   90.621
  83.013    9.088   58.652
  83.532    8.499   59.726
  83.755   10.179   58.479
  94.916   28.294   78.660
  94.970   29.521   78.148
  94.798   28.484   79.971
  87.640   84.710   69.672
  87.323   83.420   69.739
  88.944   84.747   69.936
  26.287   23.767   27.553
  27.459   24.364   27.749
  25.722   24.456   26.566
  61.188   30.529   60.351
  62.085   31.102   59.554
  61.889   29.657   61.070
   0.481   64.742   59.719
   0.914   65.983   59.920
   1.572   63.987   59.820
  27.391   90.307   96.952
  26.687   90.527   98.059
  27.518   91.507   96.393
  32.243   95.502   17.458
  31.328   95.204   18.377
  32.075   94.583   16.511
  41.697   64.008   80.840
  40.550   64.535   80.423
  41.402   62.738   81.107
  98.062   37.689   69.223
  97.823   36.845   68.223
  97.799   36.986   70.322
  49.635   80.926   87.632
  49.430   79.710   87.134
  49.298   80.823   88.915
   2.351   46.925   23.847
   2.302   48.018   24.604
   2.584   47.381   22.618
  52.956   22.058   12.530
  51.861   22.400   13.204
  53.667   21.337   13.394
  67.072   10.216   85.304
  66.307    9.242   85.789
  67.934    9.594   84.503
  15.631   92.559   39.857
  16.202   92.644   38.658
  16.247   91.539   40.448
  66.939   72.815   94.280
  67.702   73.589   95.046
  65.856   73.549   94.037
  44.172   81.199    1.935
  44.603   82.456    1.990
  42.888   81.300    1.601
  33.841   24.684   62.369
  34.836   25.284   61.721
  32.803   24.771   61.542
  49.325   17.409   24.533
  49.605   18.537   23.887
  50.204   16.528   24.062
  75.467   88.451   10.738
  74.938   88.507   11.957
  75.162   89.623   10.188
  77.842   23.464   47.667
  79.047   24.020   47.750
  77.788   22.628   48.700
   4.249    2.809   30.746
   4.664    1.558   30.561
   2.952    2.777   30.450
  85.997   59.271   14.331
  85.376   58.131   14.622
  85.070   60.209   14.507
  19.963   23.576   53.128
  20.023   22.285   53.442
  18.671   23.805   52.906
  18.803   47.818   62.036
  17.955   48.842   62.010
  18.034   46.753   62.244
   7.885   94.415   37.095
   7.207   93.767   38.038
   7.649   93.726   35.981
  57.587   57.973   37.560
  57.756   56.684   37.840
  58.502   58.597   38.298
  52.928   56.976   51.227
  52.065   56.610   52.170
  53.045   55.904   50.448
  16.914   39.686   95.028
  16.989   41.011   94.931
  18.037   39.247   94.465
  19.487   39.857   43.606
  18.927   41.031   43.328
  18.614   39.253   44.408
  28.025   91.825    2.318
  27.059   92.693    2.032
  29.136   92.557    2.340
  90.822   66.925   54.539
  90.907   65.621   54.295
  91.475   67.497   53.530
  42.531   20.174   50.598
  42.636   20.552   51.869
  43.533   20.795   49.982
  51.842   49.411    8.039
  50.646   48.829    8.045
  51.597   50.674    7.701
  55.489   62.174   97.375
  56.269   62.897   96.576
  54.253   62.436   96.961
  17.379   92.901   22.146
  18.117   91.949   21.583
  18.260   93.684   22.763
  61.732   15.683   15.549
  62.117   16.696   16.321
  62.755   15.487   14.721
  92.753   56.127   88.741
  91.737   56.571   88.007
  93.688   57.066   88.620
  81.110   16.509   79.466
  81.377   15.208   79.391
  79.781   16.578   79.445
  11.177   61.937   85.203
  10.867   60.645   85.144
  10.131   62.504   85.799
  35.125   38.726    7.590
  34.838   37.450    7.346
  36.424   38.832    7.326
  95.814   72.028    4.824
  95.038   70.949    4.848
  94.966   73.047    4.710
  50.996   67.650   84.110
  51.872   68.483   83.553
  51.675   66.520   84.285
  55.039   63.381   66.323
  55.111   64.511   65.626
  56.302   62.975   66.430
  55.631   15.915   60.916
  56.058   16.732   59.957
  56.600   15.012   61.040
  49.183   35.371   70.809
  48.555   36.351   71.452
  49.421   34.456   71.746
  98.937   55.357   73.746
  99.328   56.084   74.789
  97.718   54.934   74.073
  36.643   40.277   39.129
  37.889   40.177   39.582
  36.424   41.586   39.038
  36.473   11.348   82.445
  37.504   10.616   82.857
  35.455   10.946   83.201
  25.910   74.682   87.967
  25.646   73.508   88.533
  25.037   75.522   88.518
  29.033   60.590   95.722
  28.598   61.631   95.018
  27.946   59.854   95.936
  75.532   75.868    3.399
  75.118   74.612    3.257
  74.421   76.595    3.329
   0.862   33.992   23.837
   1.206   35.075   24.527
   1.789   33.089   24.149
  23.784   77.458   57.618
  24.042   78.648   57.082
  24.972   77.006   58.013
  49.579   69.515   44.754
  50.516   70.242   45.357
  50.201   68.966   43.714
  88.539   84.405   27.731
  88.358   83.092   27.835
  89.807   84.538   27.348
  20.992   25.744    5.664
  21.439   26.824    5.030
  22.093   25.118    6.074
  51.033   83.708   37.798
  52.190   84.219   38.208
  50.115   84.326   38.538
  19.287   56.484   17.125
  18.055   56.060   17.391
  20.034   55.972   18.100
  67.510   48.691   18.891
  68.778   49.089   18.841
  67.573   47.364   18.804
  89.726   29.742   77.544
  88.860   29.596   78.544
  90.227   30.963   77.712
  72.069   63.300   73.714
  72.246   62.747   74.911
  71.209   62.493   73.098
  97.884   75.801   95.680
  98.514   74.632   95.616
  96.620   75.516   95.380
  62.397   51.075   59.967
  62.686   51.215   58.676
  61.301   50.321   59.983
  32.347   52.738   90.257
  32.239   52.871   91.576
  32.454   53.984   89.804
  66.166   18.981   39.412
  66.632   20.129   39.893
  65.445   19.332   38.351
  69.376   94.599   34.405
  70.693   94.625   34.221
  69.210   93.907   35.529
  11.036   71.820   48.885
  11.796   71.800   49.976
  11.885   71.608   47.883
  42.914   80.941   12.768
  43.255   80.797   11.491
  42.676   82.243   12.906
  79.976   25.859   93.292
  80.092   24.535   93.336
  81.228   26.306   93.353
  59.086    2.653   52.455
  58.147    2.657   53.397
  58.798    3.705   51.692
  29.540    6.662   21.992
  29.067    5.478   22.369
  30.761    6.717   22.519
  69.082   46.319   73.010
  68.025   45.735   72.452
  69.632   45.368   73.760
   5.663   32.874   74.978
   6.946   32.723   74.660
   5.291   31.683   75.439
  42.325   65.672   86.264
  41.625   65.477   87.377
  41.588   66.519   85.550
   1.692   58.089   60.676
   0.451   58.002   61.145
   1.549   58.094   59.353
  95.759   41.535   94.083
  94.914   42.511   93.762
  95.086   40.783   94.950
  76.876   71.411   55.792
  77.606   70.402   56.257
  75.647   71.168   56.242
  75.556   45.817   19.534
  74.333   45.412   19.201
  75.945   44.963   20.478
  55.727   74.737   32.094
  54.593   75.009   32.733
  56.637   74.634   33.060
  81.365   74.758   93.359
  82.108   75.833   93.113
  80.693   74.551   92.229
  35.152   51.334   85.154
  34.609   51.835   84.048
  35.306   50.038   84.893
  16.889   36.904   85.757
  17.704   36.157   85.017
  17.042   36.440   86.994
  29.111   79.277   47.486
  29.857   78.231   47.827
  28.428   78.867   46.420
  26.631   51.817   99.048
  27.243   52.989   99.194
  27.598   50.915   99.198
  40.077   35.069   30.095
  41.080   35.664   29.455
  40.467   33.804   30.226
  68.182   60.946   20.225
  67.753   60.834   21.479
  69.187   61.814   20.292
  55.108   83.669   45.551
  54.802   83.113   44.383
  53.932   83.973   46.095
  30.528   91.026    3.718
  31.292   92.109    3.609
  31.372   90.006    3.584
  47.300   16.155   91.029
  47.861   15.252   91.827
  47.905   15.986   89.856
  94.637   78.863    4.231
  93.331   79.115    4.207
  95.072   79.246    3.033
  60.340   78.281   13.157
  59.291   78.332   13.973
  60.935   79.462   13.305
  46.380   57.840   64.709
  45.835   58.962   65.171
  47.235   58.245   63.774
  19.177   16.831   91.862
  20.092   15.905   92.138
  19.858   17.807   91.268
  94.689   31.134   55.677
  94.250   31.505   56.877
  94.893   29.824   55.787
  94.706   19.386   23.380
  93.507   19.041   23.841
  95.336   18.229   23.191
  39.036   32.508   11.840
  37.892   32.057   12.347
  39.870   31.475   11.928
  64.391   86.047   36.729
  63.748   84.897   36.552
  63.453   86.894   37.145
  53.683   97.390    6.880
  53.171   96.340    7.516
  54.060   96.913    5.697
  50.225    2.197    3.429
  49.423    3.218    3.142
  51.188    2.262    2.513
  94.484   11.184   37.438
  93.253   11.159   36.935
  95.247   11.603   36.431
  94.455   42.708   47.153
  94.708   43.994   46.926
  95.640   42.182   47.454
  50.373    7.439   34.495
  49.187    7.802   34.975
  50.244    6.140   34.236
  88.759   67.157   55.891
  88.753   68.479   56.041
  87.473   66.814   55.905
  52.831   81.956   33.796
  51.946   81.887   34.786
  53.786   82.759   34.257
  98.871   19.404   81.905
  99.949   19.225   82.664
  98.570   18.187   81.460
  49.387   74.807   48.123
  49.239   73.714   47.379
  50.208   74.435   49.102
  91.754   87.186   35.633
  93.081   87.275   35.605
  91.484   86.035   35.022
  44.530   79.797   36.504
  43.595   79.300   35.699
  44.229   79.310   37.705
  70.221   39.818   24.575
  70.322   40.905   23.815
  69.124   40.019   25.300
  72.871   93.144   79.838
  73.141   91.911   80.258
  74.065   93.694   79.629
  71.414    3.250   74.129
  71.919    4.194   74.918
  70.510    2.632   74.884
  85.235   87.504   69.559
  85.996   88.187   70.411
  85.974   87.407   68.457
  53.442   49.961   44.857
  53.740   50.849   45.801
  53.476   50.655   43.722
  23.572   21.101   41.625
  22.296   20.826   41.368
  23.658   22.424   41.509
  80.745   58.383   47.427
  81.365   59.101   46.494
  81.297   58.776   48.572
  58.987    5.239   62.328
  58.349    6.154   63.053
  59.778    4.616   63.198
  15.293   97.804   21.885
  14.535   96.891   21.284
  15.099   98.916   21.180
  14.689   95.788   65.061
  15.219   96.403   64.008
  15.624   94.924   65.448
  69.968   93.773    5.936
  69.326   93.376    7.031
  70.454   92.652    5.409
  12.897   25.235   73.439
  13.666   26.266   73.776
  11.676   25.753   73.325
  64.815   58.189    4.229
  65.133   59.271    4.934
  65.057   58.530    2.966
  28.472   15.021   35.582
  29.082   14.002   34.984
  29.324   15.413   36.526
  26.629   96.394   69.646
  27.096   95.944   68.485
  27.654   97.049   70.186
  52.588   75.530   78.929
  51.429   76.173   78.815
  53.503   76.495   78.963
  61.144   55.905   71.128
  61.346   57.180   71.448
  61.912   55.703   70.060
   1.275   21.879    1.787
   2.383   22.010    2.511
   1.633   22.243    0.559
  53.213   63.495   60.727
  52.719   62.314   60.368
  54.206   63.716   59.869
  21.125   49.586   73.725
  20.413   50.184   72.775
  21.749   50.581   74.351
  26.629   79.895    9.905
  27.216   81.089    9.902
  25.326   80.165    9.929
  61.447   32.971   26.185
  62.719   33.136   26.538
  60.924   34.193   26.243
  67.880   86.675   52.413
  66.913   87.527   52.085
  67.668   86.409   53.700
  92.093   83.251   30.880
  93.034   82.578   30.225
  92.767   84.059   31.696
  68.427   54.440   76.764
  68.407   55.116   77.908
  69.575   53.769   76.792
  91.157   56.447   78.488
  92.052   56.423   79.471
  91.757   57.118   77.507
  14.676   69.694   41.624
  15.468   70.069   40.624
  14.054   68.610   41.168
  79.143   79.504   66.975
  79.057   78.280   66.461
  80.425   79.638   67.305
  62.001   58.657   47.078
  63.172   58.716   47.705
  61.953   57.424   46.578
  67.355   27.526   68.598
  66.092   27.926   68.716
  67.287   26.197   68.602
  92.852   23.170    2.462
  92.759   22.384    3.531
  93.962   22.768    1.847
   3.747   39.288   19.380
   3.764   40.413   20.089
   2.517   38.808   19.544
  57.106   85.809   28.077
  57.629   87.029   28.159
  57.940   85.041   28.774
   5.398   48.747   74.597
   5.332   49.790   75.420
   6.449   48.051   75.024
  14.630   89.844   77.802
  13.874   88.823   78.194
  15.175   90.306   78.924
  46.058   76.289   70.938
  46.644   77.337   70.366
  44.756   76.493   70.754
  99.484   63.986   25.899
  99.543   65.313   25.834
  98.416   63.663   25.175
  69.498   34.500   84.111
  68.617   33.930   83.295
  69.738   33.579   85.040
  33.795    3.194   46.087
  33.461    1.909   46.019
  33.618    3.650   44.849
  72.482   88.280   69.893
  72.234   89.512   69.458
  73.720   88.340   70.377
   4.154   54.597   81.051
   4.745   55.582   81.722
   4.002   53.626   81.949
  98.850   63.911   46.662
  99.985   64.037   47.344
  98.081   63.144   47.432
  12.623   36.021   20.447
  13.807   36.511   20.089
  12.289   35.199   19.455
  51.645   66.652   53.460
  50.496   67.183   53.866
  51.297   65.503   52.885
  62.592   46.563   94.931
  63.822   46.238   94.545
  62.737   46.989   96.183
  10.026    4.610   81.878
  10.705    3.623   81.300
   8.795    4.501   81.386
  58.635   10.642   78.363
  57.652   10.064   79.047
  58.320   11.935   78.354
  25.125   93.746   87.245
  24.749   92.700   87.975
  24.185   94.661   87.464
  81.570   84.219   25.162
  81.520   85.102   24.168
  81.074   83.100   24.639
  48.856   39.479   66.234
  49.946   40.226   66.383
  49.316   38.235   66.130
  42.371   55.648   63.811
  43.401   55.850   64.629
  41.363   56.307   64.377
  11.872   39.163    0.263
  12.630   39.681    1.225
  12.183   37.869    0.255
  76.191   54.503   13.522
  75.437   55.593   13.633
  77.419   54.967   13.311
  37.731   26.880   70.781
  37.115   27.301   69.680
  38.407   27.942   71.211
  74.341   57.524    8.297
  75.529   56.995    8.019
  73.504   56.925    7.454
  61.967   60.712   70.308
  61.186   61.586   69.679
  62.434   59.926   69.342
  25.147   53.759   20.054
  26.448   53.491   19.988
  25.033   54.615   21.067
  44.639    0.885   35.947
  45.306    0.328   36.954
  45.581    1.240   35.078
  70.584   49.628   55.209
  71.906   49.534   55.325
  70.113   49.106   56.339
  51.805   17.733   64.727
  52.514   18.550   63.953
  51.558   16.675   63.959
  45.957   39.267   95.329
  45.476   38.039   95.156
  44.901   40.063   95.175
  39.031   37.374    5.616
  39.564   36.163    5.485
  37.824   37.153    6.131
  13.118    2.916   51.088
  12.779    1.696   51.492
  14.448    2.925   51.133
  61.581   81.728   88.676
  60.394   81.212   88.984
  61.316   82.981   88.314
  73.123   71.019   25.543
  74.304   71.390   26.031
  73.350   70.803   24.250
  46.596   48.562    8.056
  47.508   48.204    8.955
  47.141   49.598    7.422
  66.997   14.088   87.529
  66.757   14.270   86.234
  66.445   15.143   88.123
  70.513   74.660    5.406
  71.258   73.699    5.943
  71.381   75.616    5.085
  90.380   71.855   47.625
  91.159   72.930   47.696
  89.375   72.222   46.834
  99.580   36.047   58.118
  99.371   34.783   57.760
  99.491   36.734   56.983
  50.808   17.113    1.109
  50.470   16.590    2.284
  52.094   17.428    1.241
  66.885   16.880   32.434
  67.718   17.915   32.496
  67.680   15.816   32.345
  65.791    5.654   53.778
  65.445    4.412   53.454
  64.771    6.403   53.366
  17.781   51.633   82.813
  16.977   51.009   81.958
  18.837   50.831   82.924
  93.495   16.123   33.142
  94.785   16.438   33.077
  93.027   16.840   34.160
  63.856   33.183   55.957
  62.527   33.168   55.939
  64.202   31.908   56.119
   0.907   81.188   36.095
   1.432   82.273   36.656
   1.889   80.688   35.350
  26.579   29.673   90.579
  27.057   28.904   89.604
  26.851   29.003   91.696
  67.843   67.201    5.418
  67.365   68.275    6.040
  69.164   67.361    5.445
  34.720    0.270   51.385
  33.677    1.090   51.298
  35.781    1.068   51.298
  23.954   91.396   82.427
  22.634   91.241   82.461
  24.135   92.714   82.417
  14.532   36.227   14.517
  14.710   37.480   14.927
  13.223   36.021   14.632
  94.715    3.497   54.814
  94.893    4.806   54.664
  95.774    2.946   54.225
  31.521   31.853   46.193
  31.342   33.021   46.805
  31.450   32.142   44.896
  29.078   71.755   94.376
  28.272   70.771   94.762
  29.476   71.402   93.156
  19.794   95.872   40.634
  19.402   94.602   40.677
  21.122   95.814   40.694
  40.812   65.391   52.648
  40.937   66.420   51.814
  39.505   65.145   52.681
  93.646   95.827   63.034
  92.775   94.838   62.861
  92.952   96.933   62.779
  83.242   37.692   42.436
  83.520   38.926   42.845
  81.965   37.743   42.065
  33.278   91.270   12.915
  34.524   90.886   13.177
  33.395   92.532   12.512
  54.511   63.934   54.322
  54.336   63.521   53.070
  55.616   64.674   54.278
  40.732   84.990   40.522
  39.769   84.498   39.748
  40.225   84.951   41.752
  68.402   64.208   59.080
  69.445   63.925   58.305
  68.732   65.349   59.679
  63.551   69.366   75.578
  62.446   69.487   74.847
  64.304   70.403   75.219
  28.241   89.029   76.328
  27.539   88.483   77.318
  28.292   88.083   75.394
  16.295   19.904   66.078
  15.010   19.952   66.420
  16.613   18.614   66.156
  12.828   98.570   55.097
  12.212   98.295   53.951
  12.007   98.108   56.036
  93.505   39.214   35.701
  94.675   38.708   36.080
  93.754   40.504   35.485
  69.814   91.976   69.969
  68.640   91.544   69.518
  69.857   91.566   71.234
  79.254   12.532   80.969
  79.432   12.150   79.708
  78.039   12.091   81.283
  95.803   68.511   68.351
  96.192   68.809   69.587
  96.936   68.282   67.691
  72.784   62.107   82.346
  72.046   62.354   83.424
  73.116   63.310   81.885
  92.852   13.269   48.977
  94.164   13.487   48.959
  92.319   14.465   49.217
  14.270   91.576    1.361
  15.134   92.582    1.462
  14.256   91.276    0.065
  52.233   32.579    8.260
  52.705   31.467    8.817
  52.131   33.440    9.269
  45.002    4.736   10.927
  43.822    5.324   10.751
  44.794    3.464   10.594
  82.553   66.032   55.635
  83.117   66.725   54.650
  83.277   64.919   55.716
  74.355   20.221   40.715
  73.154   20.488   41.221
  74.200   19.061   40.082
  82.379    3.053   76.552
  81.318    2.276   76.356
  83.287    2.603   75.690
  94.344   12.363   12.149
  93.684   11.254   12.471
  94.231   12.446   10.825
  92.652   11.154   88.756
  92.068   11.838   87.777
  92.140    9.930   88.660
  23.107   16.424   45.206
  22.789   16.249   43.926
  24.340   16.923   45.178
  15.765   71.157   36.677
  16.613   72.153   36.917
  14.655   71.757   36.255
  50.447   96.464   81.369
  51.040   97.547   81.863
  49.179   96.829   81.193
  16.483   17.980   88.087
  17.704   17.529   88.364
  15.882   16.961   87.477
  85.918    9.179    8.133
  84.797    9.628    8.690
  86.840    9.316    9.083
  74.123   43.034   72.958
  73.503   41.906   73.292
  75.409   42.793   73.204
  43.358   88.665   50.779
  44.682   88.655   50.651
  43.087   89.835   51.352
  15.774    9.703   46.187
  17.103    9.727   46.162
  15.415   10.982   46.116
  37.826   40.513   78.581
  38.066   39.648   79.562
  37.631   39.752   77.506
  44.911   69.701   83.581
  45.188   68.411   83.413
  45.943   70.177   84.273
  60.405   37.302    0.833
  61.703   37.586    0.785
  60.348   35.977    0.730
  98.290   25.226   66.770
  99.206   24.690   65.969
  98.717   26.468   66.981
   5.212   28.125   15.705
   4.698   26.947   16.047
   4.155   28.915   15.539
  78.616   35.547   96.881
  78.187   35.165   95.681
  79.409   36.587   96.636
  87.616   46.184   94.042
  87.172   46.345   95.285
  86.986   45.099   93.601
   0.862   24.241   85.001
   1.554   23.139   85.281
   0.978   24.994   86.092
   2.195   99.269   43.455
   2.822   98.952   42.326
   3.173   99.525   44.320
  48.653   30.864    2.708
  49.492   31.878    2.898
  49.405   29.903    2.176
  10.614    6.082    6.572
   9.949    5.203    7.316
  11.464    5.344    5.862
  75.179   64.122   27.841
  74.413   65.117   28.280
  74.624   63.024   28.350
  89.214   69.509   69.204
  89.475   70.762   69.565
  90.411   68.944   69.070
  46.387   55.125   45.112
  45.080   55.046   45.346
  46.734   53.894   44.744
  47.973   45.854   44.351
  48.437   44.617   44.192
  47.038   45.741   45.290
  82.106   33.373   58.065
  83.152   32.726   57.560
  81.376   32.424   58.647
  78.302   93.161   22.440
  79.431   93.847   22.280
  77.586   93.439   21.353
   7.922   16.390   57.491
   7.806   17.399   56.632
   9.051   16.641   58.149
  62.053   46.530   92.580
  63.303   46.858   92.266
  61.870   45.337   92.020
  53.213   97.498   85.319
  54.098   97.641   86.302
  53.057   98.726   84.830
  95.145   88.676    5.733
  93.828   88.801    5.875
  95.590   88.415    6.959
  79.405   58.740   96.736
  80.558   58.148   97.033
  79.692   59.532   95.706
  77.657   54.014   83.583
  76.481   54.579   83.326
  78.304   54.911   84.323
  43.499   55.798   60.110
  42.670   56.383   60.970
  44.681   56.361   60.351
  26.208   34.170   30.283
  26.980   33.153   30.653
  26.093   34.918   31.377
  95.924   97.244   72.622
  96.167   95.986   72.263
  94.903   97.158   73.470
  46.450   16.771   49.642
  47.489   17.131   50.390
  45.507   16.437   50.520
  81.765   80.917   46.756
  82.329   81.441   45.672
  82.737   80.902   47.664
  28.965   89.877   35.541
  28.728   90.243   36.797
  27.758   89.770   34.991
  79.659   50.560   37.587
  78.396   50.147   37.525
  79.572   51.869   37.807
  29.139   74.076   63.084
  28.042   74.826   63.143
  28.693   72.825   63.171
  11.171   12.175   11.740
  10.604   12.904   12.696
  10.236   12.072   10.799
  42.007   76.828   86.720
  41.074   77.350   87.512
  42.580   75.882   87.459
  52.734   72.618   37.190
  53.077   71.443   37.711
  53.188   72.574   35.940
  68.161   37.101   59.977
  69.288   36.710   59.389
  67.859   36.109   60.812
  40.341    5.531   33.548
  41.320    4.654   33.749
  40.719    6.613   34.224
   6.601   33.483   80.649
   7.847   33.711   81.055
   6.014   34.676   80.691
  42.669   43.898   50.602
  42.676   44.423   49.380
  41.522   43.228   50.672
  84.709   65.652   13.442
  83.788   65.085   14.215
  85.850   65.487   14.106
  65.526   56.944   74.842
  66.642   56.547   75.447
  65.438   58.242   75.121
   3.467   17.468   61.835
   2.967   18.645   62.200
   4.765   17.700   61.651
  46.028   91.662   46.038
  46.550   92.739   46.617
  47.072   91.029   45.508
  34.917   86.353   19.029
  36.207   86.648   18.895
  34.906   85.092   19.454
  93.876   74.265   12.791
  92.777   74.406   13.527
  94.179   72.973   12.887
  70.479    9.844   29.107
  70.022   11.090   29.182
  71.767    9.979   28.803
  20.208   55.005   56.644
  21.069   56.019   56.638
  20.974   53.917   56.650
  92.242   99.194   11.873
  92.612   98.069   11.267
  91.503   99.832   10.969
  91.923   32.135    4.665
  92.498   32.928    5.564
  92.734   32.183    3.611
  12.176   97.691   48.222
  10.966   97.155   48.094
  12.276   98.537   47.200
  92.248   94.161   50.863
  90.956   94.072   51.166
  92.631   92.903   50.660
  67.962   69.617   62.301
  66.820   69.181   61.776
  68.397   70.533   61.440
  95.431   14.620   27.602
  95.995   13.639   26.904
  95.444   14.185   28.859
  47.875   56.858    2.720
  48.047   56.536    3.999
  47.342   58.077    2.752
  88.233   34.997   72.041
  87.883   36.273   71.907
  87.247   34.452   72.748
  15.839   68.475   39.075
  14.630   68.924   38.752
  16.659   69.480   38.779
  26.481   79.656   36.833
  25.823   80.795   37.026
  26.088   78.869   37.831
  77.649   71.209   37.469
  78.211   70.030   37.217
  77.896   71.936   36.383
   5.886   48.564   27.231
   5.254   49.344   26.360
   4.948   48.210   28.105
  14.091   57.924   50.334
  14.193   57.136   51.401
  13.881   57.088   49.321
  56.422    4.003   37.520
  55.764    2.964   38.026
  57.703    3.734   37.758
  22.613   78.069   39.124
  22.897   79.143   39.854
  21.375   78.281   38.685
  18.339   97.486   62.722
  18.008   96.969   63.902
  17.318   98.279   62.407
  84.044   82.668   13.702
  84.151   82.630   12.377
  84.461   81.470   14.105
  12.441    9.391   71.600
  11.227    8.902   71.362
  13.253    8.346   71.467
